vn -0.0000 -0.0000 1.0000
vn 0.2617 0.0312 0.9646
vn 0.5009 0.0597 0.8634
vn 0.5010 0.0597 0.8634
vn 0.7021 0.0837 0.7071
vn 0.8573 0.1023 0.5045
vn 0.9579 0.1142 0.2636
vn 0.9930 0.1184 -0.0000
vn 0.9579 0.1142 -0.2636
vn 0.8573 0.1023 -0.5045
vn 0.7021 0.0837 -0.7071
vn 0.5010 0.0598 -0.8634
vn 0.2617 0.0312 -0.9646
vn -0.0000 -0.0000 -1.0000
vn -0.2617 -0.0312 -0.9646
vn -0.5010 -0.0598 -0.8634
vn -0.7021 -0.0837 -0.7071
vn -0.8573 -0.1023 -0.5045
vn -0.9578 -0.1142 -0.2636
vn -0.9930 -0.1184 -0.0000
vn -0.9579 -0.1142 0.2636
vn -0.8573 -0.1023 0.5045
vn -0.7021 -0.0837 0.7071
vn -0.5010 -0.0597 0.8634
vn -0.2617 -0.0312 0.9646
vn 0.9578 0.1142 -0.2636
vn 0.5010 0.0597 -0.8634
vn -0.5009 -0.0597 0.8634
vn 0.9578 0.1142 0.2636
vn -0.5010 -0.0597 -0.8634
vn 0.2618 0.0311 0.9646
vn -0.0000 -0.0002 1.0000
vn 0.5010 0.0596 0.8634
vn 0.8573 0.1022 0.5045
vn 0.8573 0.1022 -0.5045
vn 0.7022 0.0836 -0.7071
vn 0.5010 0.0596 -0.8634
vn 0.2617 0.0311 -0.9646
vn -0.0000 -0.0002 -1.0000
vn -0.2617 -0.0314 -0.9646
vn -0.5009 -0.0599 -0.8634
vn -0.7021 -0.0838 -0.7071
vn -0.9579 -0.1143 -0.2636
vn -0.9579 -0.1143 0.2636
vn -0.7021 -0.0838 0.7071
vn -0.5009 -0.0599 0.8634
vn -0.2617 -0.0314 0.9646
vn 0.2525 0.0969 0.9627
vn -0.0081 0.0681 0.9976
vn 0.4916 0.1189 0.8627
vn 0.6936 0.1326 0.7080
vn 0.8507 0.1376 0.5073
vn 0.9541 0.1333 0.2683
vn 0.9928 0.1192 0.0060
vn 0.9616 0.0963 -0.2572
vn 0.8643 0.0666 -0.4986
vn 0.7113 0.0329 -0.7021
vn 0.5112 -0.0031 -0.8595
vn 0.2718 -0.0396 -0.9615
vn 0.0087 -0.0737 -0.9972
vn -0.2550 -0.1022 -0.9615
vn -0.4962 -0.1229 -0.8595
vn -0.6991 -0.1350 -0.7022
vn -0.8557 -0.1383 -0.4987
vn -0.9572 -0.1325 -0.2572
vn -0.9930 -0.1176 0.0060
vn -0.9586 -0.0949 0.2683
vn -0.8592 -0.0665 0.5073
vn -0.7054 -0.0345 0.7080
vn -0.5058 -0.0002 0.8627
vn -0.2682 0.0348 0.9627
vn 0.2293 0.2974 0.9268
vn -0.0329 0.2760 0.9606
vn 0.4710 0.2981 0.8302
vn 0.6764 0.2794 0.6815
vn 0.8376 0.2427 0.4894
vn 0.9465 0.1893 0.2615
vn 0.9925 0.1217 0.0114
vn 0.9697 0.0451 -0.2402
vn 0.8806 -0.0339 -0.4726
vn 0.7343 -0.1098 -0.6699
vn 0.5381 -0.1789 -0.8237
vn 0.2992 -0.2375 -0.9242
vn 0.0333 -0.2798 -0.9595
vn -0.2350 -0.3014 -0.9241
vn -0.4809 -0.3008 -0.8236
vn -0.6878 -0.2798 -0.6698
vn -0.8479 -0.2404 -0.4725
vn -0.9530 -0.1844 -0.2402
vn -0.9933 -0.1152 0.0114
vn -0.9645 -0.0385 0.2614
vn -0.8712 0.0391 0.4893
vn -0.7232 0.1127 0.6814
vn -0.5280 0.1792 0.8302
vn -0.2928 0.2353 0.9268
vn 0.2002 0.5412 0.8167
vn -0.0630 0.5286 0.8465
vn 0.4450 0.5164 0.7316
vn 0.6551 0.4584 0.6005
vn 0.8224 0.3711 0.4312
vn 0.9384 0.2577 0.2302
vn 0.9922 0.1245 0.0097
vn 0.9771 -0.0178 -0.2122
vn 0.8951 -0.1572 -0.4171
vn 0.7548 -0.2840 -0.5912
vn 0.5634 -0.3927 -0.7269
vn 0.3276 -0.4769 -0.8156
vn 0.0630 -0.5281 -0.8468
vn -0.2063 -0.5405 -0.8156
vn -0.4552 -0.5142 -0.7269
vn -0.6668 -0.4536 -0.5912
vn -0.8331 -0.3633 -0.4171
vn -0.9455 -0.2471 -0.2122
vn -0.9936 -0.1124 0.0098
vn -0.9727 0.0297 0.2303
vn -0.8866 0.1673 0.4312
vn -0.7446 0.2915 0.6005
vn -0.5540 0.3973 0.7316
vn -0.3219 0.4789 0.8167
vn 0.1765 0.7396 0.6495
vn -0.0876 0.7343 0.6731
vn 0.4238 0.6942 0.5818
vn 0.6377 0.6044 0.4775
vn 0.8099 0.4759 0.3428
vn 0.9317 0.3136 0.1830
vn 0.9919 0.1267 0.0076
vn 0.9832 -0.0696 -0.1689
vn 0.9071 -0.2589 -0.3318
vn 0.7718 -0.4281 -0.4701
vn 0.5843 -0.5697 -0.5779
vn 0.3512 -0.6755 -0.6484
vn 0.0876 -0.7343 -0.6731
vn -0.1825 -0.7391 -0.6484
vn -0.4339 -0.6912 -0.5779
vn -0.6495 -0.5976 -0.4701
vn -0.8208 -0.4650 -0.3318
vn -0.9392 -0.2989 -0.1689
vn -0.9939 -0.1101 0.0076
vn -0.9794 0.0857 0.1830
vn -0.8991 0.2721 0.3428
vn -0.7620 0.4374 0.4775
vn -0.5752 0.5751 0.5818
vn -0.3455 0.6774 0.6495
vn 0.1590 0.8864 0.4348
vn -0.1057 0.8864 0.4506
vn 0.4082 0.8257 0.3894
vn 0.6249 0.7123 0.3196
vn 0.8006 0.5535 0.2295
vn 0.9268 0.3551 0.1225
vn 0.9917 0.1286 0.0052
vn 0.9878 -0.1075 -0.1129
vn 0.9162 -0.3337 -0.2218
vn 0.7847 -0.5343 -0.3143
vn 0.6001 -0.7004 -0.3864
vn 0.3688 -0.8222 -0.4336
vn 0.1057 -0.8867 -0.4501
vn -0.1651 -0.8859 -0.4336
vn -0.4185 -0.8219 -0.3864
vn -0.6370 -0.7039 -0.3144
vn -0.8120 -0.5399 -0.2218
vn -0.9348 -0.3369 -0.1129
vn -0.9941 -0.1082 0.0052
vn -0.9843 0.1271 0.1225
vn -0.9083 0.3496 0.2295
vn -0.7749 0.5454 0.3196
vn -0.5909 0.7065 0.3894
vn -0.3630 0.8241 0.4348
vn 0.1487 0.9723 0.1802
vn -0.1163 0.9755 0.1866
vn 0.3989 0.9026 0.1615
vn 0.6173 0.7755 0.1327
vn 0.7951 0.5989 0.0955
vn 0.9238 0.3795 0.0511
vn 0.9915 0.1300 0.0022
vn 0.9905 -0.1294 -0.0473
vn 0.9215 -0.3769 -0.0933
vn 0.7922 -0.5956 -0.1326
vn 0.6093 -0.7759 -0.1634
vn 0.3791 -0.9070 -0.1836
vn 0.1163 -0.9748 -0.1906
vn -0.1550 -0.9707 -0.1834
vn -0.4097 -0.8975 -0.1631
vn -0.6299 -0.7653 -0.1323
vn -0.8070 -0.5831 -0.0931
vn -0.9323 -0.3587 -0.0472
vn -0.9943 -0.1068 0.0022
vn -0.9871 0.1516 0.0510
vn -0.9137 0.3951 0.0953
vn -0.7823 0.6086 0.1325
vn -0.6001 0.7835 0.1613
vn -0.3733 0.9101 0.1801
vn 0.1461 0.9890 -0.0244
vn -0.1184 0.9926 -0.0253
vn 0.3963 0.9179 -0.0216
vn 0.6155 0.7880 -0.0173
vn 0.7947 0.6069 -0.0120
vn 0.9245 0.3811 -0.0060
vn 0.9922 0.1244 0.0002
vn 0.9899 -0.1416 0.0060
vn 0.9191 -0.3938 0.0110
vn 0.7885 -0.6148 0.0148
vn 0.6057 -0.7955 0.0175
vn 0.3776 -0.9258 0.0191
vn 0.1184 -0.9928 0.0196
vn -0.1492 -0.9886 0.0190
vn -0.4016 -0.9157 0.0172
vn -0.6218 -0.7830 0.0145
vn -0.8008 -0.5989 0.0107
vn -0.9289 -0.3704 0.0059
vn -0.9937 -0.1124 0.0002
vn -0.9882 0.1530 -0.0059
vn -0.9152 0.4029 -0.0119
vn -0.7835 0.6211 -0.0172
vn -0.6011 0.7989 -0.0214
vn -0.3746 0.9269 -0.0243
vn 0.1480 0.9848 -0.0907
vn -0.1179 0.9886 -0.0940
vn 0.3992 0.9133 -0.0812
vn 0.6188 0.7828 -0.0665
vn 0.7979 0.6010 -0.0474
vn 0.9268 0.3748 -0.0248
vn 0.9889 -0.1463 0.0247
vn 0.9168 -0.3965 0.0473
vn 0.7855 -0.6153 0.0662
vn 0.6028 -0.7938 0.0808
vn 0.3755 -0.9224 0.0903
vn 0.1179 -0.9886 0.0935
vn -0.1480 -0.9849 0.0902
vn -0.3992 -0.9133 0.0808
vn -0.6188 -0.7828 0.0662
vn -0.7979 -0.6010 0.0472
vn -0.9268 -0.3748 0.0247
vn -0.9889 0.1464 -0.0247
vn -0.9168 0.3965 -0.0474
vn -0.7855 0.6153 -0.0664
vn -0.6028 0.7938 -0.0811
vn -0.3755 0.9224 -0.0907
vn 0.1480 0.9848 -0.0905
vn -0.1179 0.9886 -0.0938
vn 0.3992 0.9133 -0.0810
vn 0.6187 0.7828 -0.0663
vn 0.7978 0.6010 -0.0473
vn 0.9268 0.3748 -0.0247
vn 0.7855 -0.6153 0.0663
vn 0.6028 -0.7938 0.0810
vn 0.3755 -0.9224 0.0905
vn 0.1179 -0.9886 0.0938
vn -0.1480 -0.9848 0.0905
vn -0.3992 -0.9133 0.0810
vn -0.6187 -0.7828 0.0663
vn -0.7978 -0.6010 0.0473
vn -0.9930 -0.1185 -0.0000
vn -0.9889 0.1463 -0.0247
vn -0.9168 0.3965 -0.0473
vn -0.7855 0.6153 -0.0663
vn -0.6028 0.7938 -0.0810
vn -0.3755 0.9224 -0.0905
vn 0.6188 0.7828 -0.0663
vn 0.6027 -0.7938 0.0810
vn -0.6188 -0.7828 0.0663
vn 0.1480 0.9849 -0.0903
vn -0.1179 0.9886 -0.0936
vn 0.3992 0.9133 -0.0808
vn 0.6188 0.7828 -0.0662
vn 0.9168 -0.3965 0.0474
vn 0.7855 -0.6153 0.0664
vn 0.6028 -0.7938 0.0811
vn 0.3755 -0.9224 0.0907
vn 0.1179 -0.9886 0.0940
vn -0.1480 -0.9848 0.0906
vn -0.3992 -0.9133 0.0811
vn -0.6188 -0.7828 0.0664
vn -0.7979 -0.6010 0.0474
vn -0.7855 0.6153 -0.0662
vn -0.6028 0.7938 -0.0808
vn -0.3755 0.9224 -0.0903
vn 0.1476 0.9778 -0.1489
vn -0.1170 0.9811 -0.1542
vn 0.3978 0.9077 -0.1337
vn 0.6168 0.7794 -0.1100
vn 0.7958 0.6004 -0.0791
vn 0.9251 0.3773 -0.0421
vn 0.9923 0.1237 -0.0011
vn 0.9895 -0.1391 0.0403
vn 0.9182 -0.3883 0.0786
vn 0.7872 -0.6066 0.1111
vn 0.6041 -0.7851 0.1363
vn 0.3759 -0.9140 0.1527
vn 0.1169 -0.9804 0.1584
vn -0.1504 -0.9768 0.1526
vn -0.4025 -0.9052 0.1361
vn -0.6224 -0.7748 0.1109
vn -0.8011 -0.5934 0.0785
vn -0.9290 -0.3680 0.0402
vn -0.9936 -0.1132 -0.0011
vn -0.9879 0.1491 -0.0420
vn -0.9146 0.3965 -0.0790
vn -0.7828 0.6125 -0.1099
vn -0.6001 0.7887 -0.1336
vn -0.3734 0.9156 -0.1489
vn 0.1532 0.9334 -0.3244
vn -0.1115 0.9351 -0.3363
vn 0.4029 0.8679 -0.2907
vn 0.6206 0.7469 -0.2387
vn 0.7977 0.5782 -0.1714
vn 0.9254 0.3678 -0.0914
vn 0.9917 0.1283 -0.0035
vn 0.9890 -0.1209 0.0851
vn 0.9184 -0.3588 0.1670
vn 0.7876 -0.5689 0.2367
vn 0.6039 -0.7421 0.2910
vn 0.3735 -0.8683 0.3265
vn 0.1114 -0.9341 0.3391
vn -0.1589 -0.9317 0.3267
vn -0.4124 -0.8632 0.2912
vn -0.6318 -0.7381 0.2369
vn -0.8082 -0.5646 0.1672
vn -0.9328 -0.3501 0.0852
vn -0.9941 -0.1086 -0.0035
vn -0.9859 0.1398 -0.0915
vn -0.9113 0.3742 -0.1716
vn -0.7789 0.5800 -0.2388
vn -0.5957 0.7487 -0.2908
vn -0.3685 0.8712 -0.3245
vn 0.1660 0.8269 -0.5373
vn -0.0984 0.8247 -0.5569
vn 0.4143 0.7724 -0.4814
vn 0.6300 0.6686 -0.3951
vn 0.8045 0.5219 -0.2835
vn 0.9290 0.3377 -0.1510
vn 0.9919 0.1269 -0.0057
vn 0.9857 -0.0935 0.1405
vn 0.9118 -0.3048 0.2752
vn 0.7784 -0.4924 0.3894
vn 0.5926 -0.6482 0.4783
vn 0.3609 -0.7630 0.5363
vn 0.0984 -0.8249 0.5566
vn -0.1713 -0.8265 0.5363
vn -0.4235 -0.7694 0.4783
vn -0.6407 -0.6617 0.3894
vn -0.8145 -0.5107 0.2752
vn -0.9360 -0.3227 0.1405
vn -0.9939 -0.1100 -0.0057
vn -0.9824 0.1098 -0.1510
vn -0.9047 0.3180 -0.2835
vn -0.7696 0.5017 -0.3951
vn -0.5844 0.6533 -0.4814
vn -0.3558 0.7646 -0.5373
vn 0.1840 0.6760 -0.7135
vn -0.0797 0.6684 -0.7395
vn 0.4304 0.6373 -0.6392
vn 0.6432 0.5577 -0.5247
vn 0.8140 0.4422 -0.3765
vn 0.9341 0.2953 -0.2006
vn 0.9921 0.1252 -0.0075
vn 0.9809 -0.0541 0.1867
vn 0.9025 -0.2275 0.3657
vn 0.7652 -0.3830 0.5174
vn 0.5764 -0.5138 0.6355
vn 0.3429 -0.6122 0.7125
vn 0.0797 -0.6684 0.7395
vn -0.1893 -0.6757 0.7125
vn -0.4394 -0.6349 0.6354
vn -0.6537 -0.5523 0.5174
vn -0.8237 -0.4334 0.3657
vn -0.9407 -0.2833 0.1867
vn -0.9937 -0.1116 -0.0075
vn -0.9774 0.0673 -0.2006
vn -0.8952 0.2384 -0.3765
vn -0.7563 0.3907 -0.5247
vn -0.5683 0.5182 -0.6392
vn -0.3378 0.6138 -0.7135
vn 0.2064 0.4877 -0.8483
vn -0.0564 0.4732 -0.8791
vn 0.4506 0.4686 -0.7599
vn 0.6598 0.4191 -0.6237
vn 0.8259 0.3428 -0.4477
vn 0.9404 0.2423 -0.2385
vn 0.9923 0.1233 -0.0090
vn 0.9751 -0.0047 0.2218
vn 0.8911 -0.1309 0.4346
vn 0.7490 -0.2462 0.6151
vn 0.5565 -0.3458 0.7555
vn 0.3205 -0.4239 0.8471
vn 0.0564 -0.4729 0.8793
vn -0.2118 -0.4874 0.8471
vn -0.4596 -0.4670 0.7555
vn -0.6701 -0.4155 0.6151
vn -0.8353 -0.3368 0.4346
vn -0.9466 -0.2339 0.2218
vn -0.9935 -0.1136 -0.0090
vn -0.9710 0.0143 -0.2385
vn -0.8833 0.1390 -0.4477
vn -0.7398 0.2522 -0.6237
vn -0.5481 0.3494 -0.7599
vn -0.3153 0.4255 -0.8483
vn 0.2327 0.2673 -0.9351
vn -0.0292 0.2447 -0.9692
vn 0.4740 0.2712 -0.8377
vn 0.6790 0.2573 -0.6876
vn 0.8396 0.2269 -0.4935
vn 0.9477 0.1806 -0.2631
vn 0.9926 0.1210 -0.0102
vn 0.9683 0.0525 0.2442
vn 0.8778 -0.0190 0.4786
vn 0.7303 -0.0883 0.6774
vn 0.5335 -0.1520 0.8320
vn 0.2947 -0.2068 0.9330
vn 0.0296 -0.2476 0.9684
vn -0.2377 -0.2701 0.9330
vn -0.4828 -0.2730 0.8321
vn -0.6891 -0.2573 0.6775
vn -0.8488 -0.2248 0.4786
vn -0.9535 -0.1767 0.2441
vn -0.9932 -0.1159 -0.0102
vn -0.9636 -0.0474 -0.2631
vn -0.8694 0.0229 -0.4936
vn -0.7205 0.0903 -0.6876
vn -0.5245 0.1520 -0.8377
vn -0.2890 0.2050 -0.9351
vn 0.2535 0.0895 -0.9632
vn -0.0072 0.0605 -0.9981
vn 0.4927 0.1121 -0.8630
vn 0.6946 0.1269 -0.7081
vn 0.8515 0.1334 -0.5072
vn 0.9545 0.1309 -0.2678
vn 0.9929 0.1190 -0.0053
vn 0.9611 0.0984 0.2580
vn 0.8634 0.0710 0.4995
vn 0.7101 0.0392 0.7030
vn 0.5099 0.0048 0.8602
vn 0.2706 -0.0308 0.9622
vn 0.0077 -0.0646 0.9979
vn -0.2557 -0.0937 0.9622
vn -0.4967 -0.1155 0.8602
vn -0.6994 -0.1291 0.7029
vn -0.8559 -0.1342 0.4995
vn -0.9573 -0.1305 0.2580
vn -0.9930 -0.1178 -0.0053
vn -0.9585 -0.0972 -0.2679
vn -0.8590 -0.0705 -0.5072
vn -0.7050 -0.0399 -0.7081
vn -0.5052 -0.0068 -0.8630
vn -0.2675 0.0274 -0.9632
vn 0.2618 0.0311 -0.9646
vn -0.0000 -0.0001 -1.0000
vn 0.7022 0.0837 0.7071
vn 0.2617 0.0311 0.9646
vn -0.0000 -0.0001 1.0000
vn -0.5010 -0.0599 0.8634
vn -0.2617 -0.0313 -0.9646
vn 0.5010 0.0598 0.8634
vn -0.5010 -0.0598 0.8634
vn -0.9578 -0.1142 0.2636
vn -0.9579 -0.1142 -0.2636
vn 0.1184 -0.9930 0.0001
vn 0.1184 -0.9930 -0.0001
vn 0.1184 -0.9930 -0.0000
vn 0.1185 -0.9930 -0.0000
vn 0.1183 -0.9930 -0.0001
vn 0.1183 -0.9930 0.0001
vn 0.2614 -0.0340 0.9646
vn 0.5003 -0.0650 0.8634
vn 0.7012 -0.0911 0.7071
vn 0.8562 -0.1112 0.5045
vn 0.9566 -0.1243 0.2636
vn 0.9917 -0.1288 -0.0000
vn 0.9566 -0.1243 -0.2636
vn 0.8562 -0.1112 -0.5045
vn 0.7012 -0.0911 -0.7071
vn 0.5003 -0.0650 -0.8634
vn 0.2614 -0.0340 -0.9646
vn -0.2614 0.0340 -0.9646
vn -0.5003 0.0650 -0.8634
vn -0.7012 0.0911 -0.7071
vn -0.8562 0.1112 -0.5045
vn -0.9566 0.1243 -0.2636
vn -0.9917 0.1288 -0.0000
vn -0.9566 0.1243 0.2636
vn -0.8562 0.1112 0.5045
vn -0.7012 0.0911 0.7071
vn -0.5003 0.0650 0.8634
vn -0.2614 0.0340 0.9646
vn 0.2614 -0.0341 0.9646
vn 0.5003 -0.0651 0.8634
vn 0.7012 -0.0912 0.7071
vn 0.8562 -0.1113 0.5045
vn 0.8562 -0.1113 -0.5045
vn 0.7012 -0.0912 -0.7071
vn 0.5003 -0.0651 -0.8634
vn 0.2614 -0.0341 -0.9646
vn -0.2614 0.0338 -0.9646
vn -0.5003 0.0649 -0.8634
vn -0.7012 0.0910 -0.7071
vn -0.9566 0.1242 -0.2636
vn -0.9566 0.1242 0.2636
vn -0.7012 0.0910 0.7071
vn -0.5003 0.0649 0.8634
vn -0.2614 0.0338 0.9646
vn 0.2686 0.0320 0.9627
vn 0.0089 0.0680 0.9976
vn 0.5058 -0.0054 0.8627
vn 0.7050 -0.0417 0.7080
vn 0.8584 -0.0753 0.5074
vn 0.9576 -0.1049 0.2683
vn 0.9918 -0.1280 0.0060
vn 0.9558 -0.1426 -0.2572
vn 0.8542 -0.1474 -0.4986
vn 0.6976 -0.1426 -0.7021
vn 0.4948 -0.1284 -0.8595
vn 0.2538 -0.1050 -0.9615
vn -0.0096 -0.0736 -0.9972
vn -0.2722 -0.0365 -0.9615
vn -0.5112 0.0026 -0.8595
vn -0.7109 0.0407 -0.7021
vn -0.8635 0.0759 -0.4987
vn -0.9605 0.1064 -0.2572
vn -0.9915 0.1296 0.0060
vn -0.9526 0.1432 0.2683
vn -0.8492 0.1463 0.5073
vn -0.6923 0.1397 0.7080
vn -0.4904 0.1239 0.8627
vn -0.2515 0.0995 0.9627
vn 0.2952 0.2321 0.9268
vn 0.0358 0.2756 0.9606
vn 0.5298 0.1735 0.8302
vn 0.7243 0.1049 0.6815
vn 0.8715 0.0298 0.4894
vn 0.9640 -0.0488 0.2615
vn 0.9920 -0.1256 0.0114
vn 0.9511 -0.1942 -0.2402
vn 0.8454 -0.2490 -0.4726
vn 0.6849 -0.2866 -0.6699
vn 0.4777 -0.3055 -0.8237
vn 0.2318 -0.3036 -0.9242
vn -0.0363 -0.2794 -0.9595
vn -0.3017 -0.2345 -0.9241
vn -0.5400 -0.1736 -0.8236
vn -0.7354 -0.1024 -0.6698
vn -0.8810 -0.0250 -0.4725
vn -0.9691 0.0551 -0.2402
vn -0.9912 0.1320 0.0114
vn -0.9444 0.1993 0.2614
vn -0.8350 0.2517 0.4893
vn -0.6734 0.2867 0.6814
vn -0.4679 0.3032 0.8302
vn -0.2261 0.2999 0.9268
vn 0.3269 0.4755 0.8167
vn 0.0686 0.5279 0.8465
vn 0.5581 0.3914 0.7316
vn 0.7476 0.2837 0.6005
vn 0.8883 0.1580 0.4312
vn 0.9729 0.0196 0.2302
vn 0.9924 -0.1227 0.0097
vn 0.9428 -0.2570 -0.2122
vn 0.8292 -0.3720 -0.4172
vn 0.6621 -0.4606 -0.5912
vn 0.4498 -0.5189 -0.7269
vn 0.2006 -0.5427 -0.8156
vn -0.0685 -0.5275 -0.8468
vn -0.3326 -0.4734 -0.8156
vn -0.5674 -0.3868 -0.7269
vn -0.7578 -0.2761 -0.5912
vn -0.8967 -0.1478 -0.4172
vn -0.9772 -0.0076 -0.2122
vn -0.9908 0.1349 0.0098
vn -0.9357 0.2675 0.2302
vn -0.8185 0.3797 0.4312
vn -0.6503 0.4653 0.6005
vn -0.4396 0.5210 0.7316
vn -0.1945 0.5432 0.8167
vn 0.3526 0.6737 0.6495
vn 0.0953 0.7334 0.6731
vn 0.5812 0.5690 0.5818
vn 0.7665 0.4295 0.4775
vn 0.9019 0.2627 0.3429
vn 0.9802 0.0754 0.1830
vn 0.9927 -0.1205 0.0076
vn 0.9361 -0.3087 -0.1689
vn 0.8159 -0.4736 -0.3318
vn 0.6432 -0.6044 -0.4701
vn 0.4267 -0.6957 -0.5779
vn 0.1747 -0.7410 -0.6484
vn -0.0953 -0.7334 -0.6731
vn -0.3582 -0.6718 -0.6484
vn -0.5902 -0.5636 -0.5779
vn -0.7763 -0.4200 -0.4701
vn -0.9098 -0.2494 -0.3318
vn -0.9839 -0.0593 -0.1689
vn -0.9905 0.1371 0.0076
vn -0.9284 0.3233 0.1830
vn -0.8049 0.4844 0.3429
vn -0.6314 0.6110 0.4775
vn -0.4165 0.6986 0.5818
vn -0.1687 0.7414 0.6495
vn 0.3716 0.8203 0.4348
vn 0.1150 0.8853 0.4506
vn 0.5983 0.7003 0.3894
vn 0.7805 0.5372 0.3196
vn 0.9120 0.3401 0.2295
vn 0.9856 0.1168 0.1225
vn 0.9929 -0.1186 0.0052
vn 0.9312 -0.3466 -0.1129
vn 0.8063 -0.5483 -0.2218
vn 0.6296 -0.7105 -0.3143
vn 0.4099 -0.8262 -0.3864
vn 0.1558 -0.8876 -0.4336
vn -0.1150 -0.8855 -0.4501
vn -0.3774 -0.8183 -0.4336
vn -0.6074 -0.6941 -0.3864
vn -0.7902 -0.5260 -0.3144
vn -0.9196 -0.3241 -0.2218
vn -0.9888 -0.0972 -0.1129
vn -0.9903 0.1390 0.0052
vn -0.9230 0.3647 0.1225
vn -0.7948 0.5618 0.2295
vn -0.6174 0.7188 0.3196
vn -0.3995 0.8299 0.3894
vn -0.1497 0.8880 0.4348
vn 0.3828 0.9061 0.1802
vn 0.1265 0.9742 0.1866
vn 0.6082 0.7772 0.1615
vn 0.7887 0.6003 0.1327
vn 0.9178 0.3855 0.0955
vn 0.9887 0.1412 0.0511
vn 0.9931 -0.1172 0.0022
vn 0.9285 -0.3684 -0.0473
vn 0.8009 -0.5915 -0.0933
vn 0.6219 -0.7718 -0.1326
vn 0.4003 -0.9017 -0.1634
vn 0.1449 -0.9723 -0.1835
vn -0.1264 -0.9735 -0.1906
vn -0.3885 -0.9030 -0.1833
vn -0.6174 -0.7696 -0.1631
vn -0.7984 -0.5874 -0.1323
vn -0.9254 -0.3673 -0.0931
vn -0.9918 -0.1190 -0.0472
vn -0.9901 0.1404 0.0022
vn -0.9198 0.3892 0.0510
vn -0.7888 0.6072 0.0953
vn -0.6091 0.7819 0.1325
vn -0.3895 0.9068 0.1613
vn -0.1386 0.9738 0.1801
vn 0.3843 0.9229 -0.0244
vn 0.1287 0.9914 -0.0253
vn 0.6094 0.7926 -0.0216
vn 0.7900 0.6129 -0.0173
vn 0.9193 0.3933 -0.0120
vn 0.9898 0.1426 -0.0060
vn 0.9924 -0.1228 0.0002
vn 0.9249 -0.3801 0.0060
vn 0.7945 -0.6072 0.0110
vn 0.6136 -0.7895 0.0148
vn 0.3920 -0.9198 0.0175
vn 0.1389 -0.9901 0.0191
vn -0.1287 -0.9915 0.0196
vn -0.3872 -0.9218 0.0190
vn -0.6140 -0.7891 0.0172
vn -0.7949 -0.6065 0.0145
vn -0.9232 -0.3841 0.0107
vn -0.9913 -0.1311 0.0059
vn -0.9909 0.1349 0.0002
vn -0.9205 0.3908 -0.0059
vn -0.7883 0.6151 -0.0119
vn -0.6072 0.7944 -0.0172
vn -0.3867 0.9220 -0.0214
vn -0.1358 0.9904 -0.0243
vn 0.3851 0.9184 -0.0907
vn 0.1283 0.9873 -0.0940
vn 0.6111 0.7874 -0.0812
vn 0.7919 0.6070 -0.0665
vn 0.9209 0.3869 -0.0474
vn 0.9904 0.1360 -0.0247
vn 0.9228 -0.3845 0.0247
vn 0.7915 -0.6093 0.0473
vn 0.6106 -0.7892 0.0662
vn 0.3896 -0.9174 0.0808
vn 0.1377 -0.9864 0.0903
vn -0.1282 -0.9873 0.0935
vn -0.3851 -0.9185 0.0902
vn -0.6111 -0.7875 0.0808
vn -0.7919 -0.6070 0.0662
vn -0.9209 -0.3869 0.0472
vn -0.9904 -0.1360 0.0247
vn -0.9228 0.3845 -0.0247
vn -0.7915 0.6093 -0.0474
vn -0.6106 0.7892 -0.0664
vn -0.3896 0.9174 -0.0811
vn -0.1377 0.9863 -0.0907
vn 0.3851 0.9184 -0.0905
vn 0.1283 0.9873 -0.0938
vn 0.6110 0.7875 -0.0810
vn 0.7919 0.6070 -0.0663
vn 0.9209 0.3869 -0.0473
vn 0.6105 -0.7892 0.0663
vn 0.3896 -0.9174 0.0810
vn 0.1377 -0.9863 0.0905
vn -0.1282 -0.9873 0.0938
vn -0.3851 -0.9184 0.0905
vn -0.6110 -0.7874 0.0810
vn -0.7919 -0.6070 0.0663
vn -0.9209 -0.3869 0.0473
vn -0.7915 0.6093 -0.0473
vn -0.6105 0.7892 -0.0663
vn -0.3896 0.9174 -0.0810
vn -0.1377 0.9863 -0.0905
vn 0.1282 0.9873 -0.0938
vn -0.6110 -0.7875 0.0810
vn 0.3851 0.9184 -0.0903
vn 0.1282 0.9873 -0.0936
vn 0.6111 0.7874 -0.0808
vn 0.7919 0.6070 -0.0662
vn 0.7915 -0.6093 0.0474
vn 0.6105 -0.7892 0.0664
vn 0.3896 -0.9174 0.0811
vn 0.1377 -0.9863 0.0907
vn -0.1283 -0.9873 0.0940
vn -0.3851 -0.9184 0.0906
vn -0.6110 -0.7874 0.0811
vn -0.7919 -0.6070 0.0664
vn -0.9209 -0.3869 0.0474
vn -0.6106 0.7892 -0.0662
vn -0.3896 0.9174 -0.0808
vn -0.1377 0.9864 -0.0903
vn 0.3830 0.9117 -0.1489
vn 0.1273 0.9798 -0.1542
vn 0.6083 0.7824 -0.1337
vn 0.7891 0.6043 -0.1100
vn 0.9187 0.3869 -0.0791
vn 0.9894 0.1388 -0.0421
vn 0.9923 -0.1236 -0.0011
vn 0.9251 -0.3777 0.0403
vn 0.7949 -0.6017 0.0786
vn 0.6143 -0.7812 0.1111
vn 0.3930 -0.9094 0.1363
vn 0.1402 -0.9783 0.1527
vn -0.1272 -0.9791 0.1584
vn -0.3855 -0.9100 0.1526
vn -0.6123 -0.7788 0.1361
vn -0.7935 -0.5984 0.1109
vn -0.9222 -0.3787 0.0785
vn -0.9909 -0.1288 0.0402
vn -0.9910 0.1340 -0.0011
vn -0.9211 0.3869 -0.0420
vn -0.7894 0.6087 -0.0790
vn -0.6086 0.7858 -0.1099
vn -0.3882 0.9118 -0.1336
vn -0.1374 0.9793 -0.1489
vn 0.3776 0.8673 -0.3244
vn 0.1213 0.9339 -0.3363
vn 0.6035 0.7425 -0.2907
vn 0.7849 0.5718 -0.2387
vn 0.9152 0.3648 -0.1714
vn 0.9874 0.1295 -0.0914
vn 0.9929 -0.1190 -0.0035
vn 0.9291 -0.3599 0.0851
vn 0.8023 -0.5731 0.1670
vn 0.6240 -0.7447 0.2367
vn 0.4034 -0.8675 0.2910
vn 0.1491 -0.9334 0.3265
vn -0.1212 -0.9329 0.3391
vn -0.3826 -0.8642 0.3267
vn -0.6116 -0.7356 0.2912
vn -0.7935 -0.5605 0.2369
vn -0.9221 -0.3491 0.1672
vn -0.9902 -0.1106 0.0852
vn -0.9903 0.1386 -0.0035
vn -0.9215 0.3774 -0.0915
vn -0.7916 0.5864 -0.1716
vn -0.6127 0.7533 -0.2388
vn -0.3938 0.8720 -0.2908
vn -0.1435 0.9349 -0.3245
vn 0.3638 0.7609 -0.5373
vn 0.1070 0.8237 -0.5569
vn 0.5912 0.6472 -0.4814
vn 0.7748 0.4936 -0.3951
vn 0.9080 0.3085 -0.2835
vn 0.9835 0.0995 -0.1510
vn 0.9927 -0.1204 -0.0057
vn 0.9326 -0.3325 0.1405
vn 0.8091 -0.5192 0.2752
vn 0.6338 -0.6683 0.3894
vn 0.4154 -0.7737 0.4783
vn 0.1627 -0.8282 0.5363
vn -0.1070 -0.8238 0.5566
vn -0.3689 -0.7592 0.5363
vn -0.5993 -0.6419 0.4783
vn -0.7835 -0.4842 0.3894
vn -0.9149 -0.2952 0.2752
vn -0.9866 -0.0832 0.1405
vn -0.9905 0.1373 -0.0057
vn -0.9255 0.3474 -0.1510
vn -0.7990 0.5303 -0.2835
vn -0.6230 0.6751 -0.3951
vn -0.4062 0.7767 -0.4813
vn -0.1573 0.8286 -0.5373
vn 0.3442 0.6102 -0.7135
vn 0.0867 0.6675 -0.7395
vn 0.5736 0.5122 -0.6392
vn 0.7604 0.3828 -0.5247
vn 0.8977 0.2290 -0.3765
vn 0.9780 0.0570 -0.2006
vn 0.9925 -0.1220 -0.0075
vn 0.9377 -0.2931 0.1867
vn 0.8191 -0.4420 0.3657
vn 0.6479 -0.5591 0.5174
vn 0.4328 -0.6395 0.6355
vn 0.1822 -0.6776 0.7125
vn -0.0867 -0.6675 0.7395
vn -0.3493 -0.6086 0.7125
vn -0.5818 -0.5077 0.6355
vn -0.7692 -0.3750 0.5174
vn -0.9048 -0.2181 0.3657
vn -0.9814 -0.0439 0.1867
vn -0.9907 0.1356 -0.0075
vn -0.9310 0.3050 -0.2006
vn -0.8094 0.4507 -0.3765
vn -0.6374 0.5644 -0.5247
vn -0.4238 0.6418 -0.6392
vn -0.1769 0.6779 -0.7135
vn 0.3198 0.4221 -0.8483
vn 0.0614 0.4726 -0.8791
vn 0.5518 0.3437 -0.7599
vn 0.7424 0.2445 -0.6237
vn 0.8847 0.1297 -0.4477
vn 0.9711 0.0042 -0.2385
vn 0.9922 -0.1240 -0.0090
vn 0.9441 -0.2438 0.2218
vn 0.8317 -0.3455 0.4346
vn 0.6657 -0.4225 0.6151
vn 0.4546 -0.4717 0.7555
vn 0.2067 -0.4895 0.8471
vn -0.0613 -0.4723 0.8793
vn -0.3249 -0.4205 0.8471
vn -0.5601 -0.3399 0.7555
vn -0.7516 -0.2384 0.6151
vn -0.8924 -0.1215 0.4346
vn -0.9751 0.0055 0.2218
vn -0.9910 0.1336 -0.0090
vn -0.9378 0.2521 -0.2385
vn -0.8222 0.3515 -0.4477
vn -0.6553 0.4260 -0.6237
vn -0.4456 0.4732 -0.7599
vn -0.2013 0.4898 -0.8483
vn 0.2911 0.2020 -0.9351
vn 0.0317 0.2444 -0.9692
vn 0.5261 0.1466 -0.8377
vn 0.7214 0.0829 -0.6876
vn 0.8696 0.0139 -0.4935
vn 0.9631 -0.0574 -0.2631
vn 0.9919 -0.1263 -0.0102
vn 0.9516 -0.1867 0.2442
vn 0.8463 -0.2338 0.4786
vn 0.6863 -0.2647 0.6774
vn 0.4799 -0.2782 0.8320
vn 0.2349 -0.2728 0.9330
vn -0.0321 -0.2473 0.9684
vn -0.2968 -0.2036 0.9330
vn -0.5350 -0.1462 0.8321
vn -0.7312 -0.0804 0.6774
vn -0.8780 -0.0097 0.4786
vn -0.9677 0.0627 0.2441
vn -0.9913 0.1313 -0.0102
vn -0.9458 0.1905 -0.2631
vn -0.8372 0.2355 -0.4936
vn -0.6763 0.2643 -0.6876
vn -0.4712 0.2761 -0.8377
vn -0.2299 0.2696 -0.9351
vn 0.2677 0.0246 -0.9632
vn 0.0078 0.0604 -0.9981
vn 0.5051 -0.0122 -0.8630
vn 0.7045 -0.0474 -0.7081
vn 0.8582 -0.0796 -0.5072
vn 0.9575 -0.1073 -0.2678
vn 0.9917 -0.1282 -0.0053
vn 0.9559 -0.1404 0.2580
vn 0.8544 -0.1430 0.4995
vn 0.6981 -0.1362 0.7030
vn 0.4955 -0.1205 0.8602
vn 0.2548 -0.0962 0.9622
vn -0.0084 -0.0645 0.9979
vn -0.2709 -0.0281 0.9622
vn -0.5099 0.0099 0.8602
vn -0.7097 0.0465 0.7029
vn -0.8626 0.0799 0.4995
vn -0.9600 0.1084 0.2580
vn -0.9916 0.1294 -0.0053
vn -0.9531 0.1410 -0.2679
vn -0.8500 0.1424 -0.5072
vn -0.6932 0.1343 -0.7081
vn -0.4915 0.1173 -0.8630
vn -0.2526 0.0922 -0.9632
vn 0.2614 -0.0339 0.9646
vn -0.1288 -0.9917 -0.0000
vn -0.1288 -0.9917 -0.0001
vn -0.1287 -0.9917 -0.0000
vn -0.1289 -0.9917 -0.0000
vn -0.1287 -0.9917 -0.0001
vn -0.0000 1.0000 -0.0000
vn -0.0000 0.9646 0.2636
vn -0.0000 0.8634 0.5045
vn -0.0000 0.7071 0.7071
vn -0.0000 0.5045 0.8634
vn -0.0000 0.2636 0.9646
vn -0.0000 -0.2636 0.9646
vn -0.0000 -0.5045 0.8634
vn -0.0000 -0.7071 0.7071
vn -0.0000 -0.8634 0.5045
vn -0.0000 -0.9646 0.2636
vn -0.0000 -1.0000 -0.0000
vn -0.0000 -0.9646 -0.2636
vn -0.0000 -0.8634 -0.5045
vn -0.0000 -0.7071 -0.7071
vn -0.0000 -0.5045 -0.8634
vn -0.0000 -0.2636 -0.9646
vn -0.0000 0.2636 -0.9646
vn -0.0000 0.5045 -0.8634
vn -0.0000 0.7071 -0.7071
vn -0.0000 0.8634 -0.5045
vn -0.0000 0.9646 -0.2636
vn -1.0000 -0.0000 -0.0000
vn 1.0000 0.0001 -0.0000
vn 1.0000 -0.0000 -0.0000
vn 1.0000 -0.0001 -0.0000
vn -0.0001 0.0087 1.0000
vn -0.0000 0.0087 1.0000
vn 0.0002 0.0089 1.0000
vn 0.0002 0.0086 1.0000
vn 0.0001 0.0087 1.0000
vn 0.0001 0.0086 1.0000
vn 0.0003 0.0088 1.0000
vn -0.0000 0.9997 0.0262
vn -0.0000 0.9997 0.0261
vn -0.2461 0.0889 -0.9652
vn -0.2540 0.0777 -0.9641
vn -0.2419 0.0743 -0.9674
vn -0.0145 -0.9935 0.1130
vn -0.0329 -0.9962 0.0805
vn 0.0054 -0.9975 0.0702
vn -0.2356 0.0943 -0.9673
vn -0.2122 0.0784 -0.9741
vn -0.2266 0.0821 -0.9705
vn -0.2527 0.0468 -0.9664
vn -0.2370 0.0600 -0.9696
vn 0.0591 -0.9916 0.1147
vn 0.0499 -0.9906 0.1277
vn 0.0686 -0.9900 0.1235
vn 0.2646 0.0028 -0.9644
vn 0.2733 -0.0001 -0.9619
vn 0.2494 -0.0006 -0.9684
vn -0.1568 -0.9818 0.1072
vn -0.1654 -0.9806 0.1051
vn -0.1591 -0.9806 0.1143
vn 0.1348 -0.0112 -0.9908
vn 0.1705 -0.0235 -0.9851
vn 0.1434 -0.0757 -0.9868
vn 0.1973 -0.0961 -0.9756
vn 0.2089 -0.0174 -0.9778
vn 0.1856 -0.9671 -0.1743
vn 0.2127 -0.9670 -0.1406
vn 0.1838 -0.9802 -0.0741
vn -0.2262 -0.0756 -0.9711
vn -0.2514 -0.0160 -0.9678
vn -0.2419 -0.0297 -0.9699
vn -0.2465 -0.0003 -0.9691
vn -0.2129 -0.0080 -0.9770
vn -0.2239 0.0088 -0.9746
vn -0.0896 -0.9874 0.1307
vn -0.0756 -0.9875 0.1385
vn -0.0719 -0.9886 0.1323
vn -0.1818 0.0090 -0.9833
vn -0.2195 0.0181 -0.9754
vn -0.2033 0.0297 -0.9787
vn -0.1863 0.0755 -0.9796
vn -0.1688 0.0748 -0.9828
vn -0.2491 0.0106 -0.9684
vn -0.2273 0.0248 -0.9735
vn -0.0682 -0.9167 -0.3938
vn -0.0932 -0.9571 -0.2743
vn -0.0921 -0.8575 -0.5062
vn 0.2398 0.0262 -0.9705
vn 0.2327 0.0213 -0.9723
vn 0.2157 0.0309 -0.9760
vn -0.2352 0.0048 -0.9719
vn -0.2511 0.0098 -0.9679
vn -0.1560 0.0201 -0.9876
vn 0.0936 -0.9835 0.1551
vn 0.0999 -0.9828 0.1555
vn 0.1255 -0.9810 0.1482
vn 0.2370 0.0881 -0.9675
vn 0.2380 0.0772 -0.9682
vn 0.2558 0.0949 -0.9621
vn -0.2146 0.0527 -0.9753
vn -0.2034 0.0608 -0.9772
vn 0.1669 -0.4275 -0.8885
vn 0.1656 -0.2037 -0.9649
vn 0.1966 -0.2310 -0.9529
vn 0.1549 -0.9783 0.1379
vn 0.1769 -0.9755 0.1308
vn 0.1711 -0.9764 0.1317
vn -0.2611 -0.0030 -0.9653
vn -0.2525 0.0014 -0.9676
vn -0.2383 -0.0026 -0.9712
vn -0.2213 0.0821 -0.9717
vn -0.1514 -0.9801 0.1281
vn -0.1416 -0.9803 0.1379
vn -0.1287 -0.9825 0.1349
vn -0.1995 -0.0155 -0.9798
vn 0.0806 0.0262 -0.9964
vn 0.0296 0.0280 -0.9992
vn 0.0504 0.0030 -0.9987
vn 0.2106 -0.9382 -0.2748
vn 0.2278 -0.9556 -0.1871
vn 0.0314 -0.9980 0.0553
vn 0.0282 -0.9984 0.0496
vn 0.0392 -0.9978 0.0543
vn 0.2472 0.0624 -0.9670
vn 0.2134 0.0566 -0.9753
vn 0.2319 0.0440 -0.9717
vn 0.1391 -0.9898 0.0299
vn 0.1274 -0.9912 0.0353
vn 0.1339 -0.9902 0.0393
vn 0.0217 0.0580 -0.9981
vn 0.0635 0.0646 -0.9959
vn 0.0589 0.0488 -0.9971
vn -0.0544 -0.9964 0.0652
vn -0.0447 -0.9978 0.0482
vn -0.0694 -0.9963 0.0516
vn -0.0921 -0.9948 0.0436
vn -0.1101 -0.9930 0.0428
vn -0.1140 -0.9924 0.0466
vn 0.1929 0.0092 -0.9812
vn 0.1422 0.0090 -0.9898
vn 0.1657 0.0190 -0.9860
vn -0.0780 0.0123 -0.9969
vn -0.0620 -0.0031 -0.9981
vn -0.0992 -0.0014 -0.9951
vn -0.1414 -0.9888 0.0478
vn -0.1313 -0.9901 0.0502
vn -0.1373 -0.9898 0.0387
vn 0.1493 -0.9863 0.0698
vn 0.1337 -0.9889 0.0651
vn 0.1472 -0.9859 0.0801
vn -0.1423 -0.9867 0.0785
vn -0.1515 -0.9853 0.0793
vn -0.1450 -0.9853 0.0907
vn -0.1709 -0.9774 0.1247
vn -0.1663 -0.9769 0.1340
vn 0.0705 -0.9953 0.0663
vn 0.0928 -0.9939 0.0590
vn 0.0736 -0.9960 0.0503
vn -0.2306 -0.8553 -0.4640
vn -0.2415 -0.7330 -0.6359
vn -0.2051 -0.8080 -0.5523
vn -0.1936 -0.0833 -0.9775
vn -0.2309 -0.4714 -0.8512
vn -0.1953 -0.5604 -0.8048
vn -0.2243 -0.6682 -0.7094
vn -0.1663 -0.9784 0.1230
vn -0.1430 -0.9822 0.1220
vn -0.1409 -0.9805 0.1369
vn 0.1095 -0.9894 0.0953
vn 0.0924 -0.9920 0.0860
vn 0.0889 -0.9910 0.1002
vn -0.1320 -0.0155 -0.9911
vn -0.1505 -0.0201 -0.9884
vn -0.1677 -0.0109 -0.9858
vn 0.0325 -0.9959 0.0842
vn 0.0189 -0.9953 0.0947
vn 0.0344 -0.9944 0.0995
vn -0.1419 -0.9819 0.1253
vn -0.1567 -0.9837 0.0879
vn -0.1674 -0.9804 0.1038
vn -0.1922 -0.9789 0.0695
vn 0.1570 -0.9779 0.1382
vn -0.0430 -0.9854 0.1645
vn -0.0260 -0.9869 0.1595
vn -0.0185 -0.9861 0.1650
vn -0.1264 -0.9879 0.0903
vn -0.1042 -0.9906 0.0884
vn -0.1224 -0.9896 0.0758
vn -0.1562 -0.9837 0.0889
vn -0.2060 -0.9783 0.0203
vn -0.2138 -0.9767 -0.0173
vn -0.1878 -0.9814 0.0395
vn 0.1378 -0.9815 0.1331
vn 0.1446 -0.9802 0.1350
vn 0.1593 -0.9793 0.1250
vn 0.1334 -0.9898 0.0507
vn 0.1136 -0.9917 0.0606
vn -0.1631 0.0185 -0.9864
vn -0.1722 -0.0012 -0.9851
vn -0.1251 -0.0032 -0.9921
vn 0.0832 0.0080 -0.9965
vn 0.0646 -0.0074 -0.9979
vn 0.0292 0.0041 -0.9996
vn -0.0996 -0.9934 0.0566
vn -0.2120 -0.9403 -0.2662
vn -0.1843 -0.9665 -0.1784
vn -0.2132 -0.9655 -0.1494
vn 0.2615 0.0120 -0.9651
vn 0.2633 0.0115 -0.9646
vn -0.1335 0.0532 -0.9896
vn -0.1238 0.0691 -0.9899
vn 0.2190 0.0033 -0.9757
vn 0.2474 0.0124 -0.9688
vn 0.2147 0.0222 -0.9764
vn 0.2599 0.0798 -0.9623
vn -0.0920 -0.1136 -0.9893
vn -0.0632 -0.1411 -0.9880
vn -0.0942 -0.2871 -0.9532
vn 0.2106 0.0649 -0.9754
vn 0.2252 0.0843 -0.9707
vn 0.2361 0.0827 -0.9682
vn 0.2720 0.0082 -0.9623
vn 0.2548 0.0046 -0.9670
vn 0.0406 -0.9865 0.1584
vn 0.0324 -0.9884 0.1486
vn 0.0588 -0.9872 0.1482
vn 0.2005 -0.0132 -0.9796
vn 0.2416 -0.0102 -0.9703
vn 0.2012 -0.0140 -0.9795
vn -0.1814 -0.9804 -0.0766
vn -0.2092 -0.9773 -0.0342
vn 0.0597 0.0155 -0.9981
vn 0.0065 0.0180 -0.9998
vn 0.2314 -0.2167 -0.9484
vn 0.2423 -0.3915 -0.8877
vn 0.2094 -0.3889 -0.8972
vn -0.1398 -0.0020 -0.9902
vn -0.1231 0.0129 -0.9923
vn 0.1991 0.0259 -0.9796
vn 0.2231 0.0569 -0.9731
vn 0.1768 0.0519 -0.9829
vn 0.1650 0.0216 -0.9861
vn 0.1984 0.0406 -0.9793
vn 0.1956 0.0714 -0.9781
vn -0.1005 0.0224 -0.9947
vn -0.0682 0.0299 -0.9972
vn -0.1060 0.0426 -0.9935
vn -0.1043 -0.9885 -0.1097
vn -0.1352 -0.9868 -0.0893
vn -0.1342 -0.9647 -0.2264
vn 0.2307 -0.0818 -0.9696
vn 0.2557 -0.0173 -0.9666
vn 0.2550 -0.1151 -0.9601
vn 0.1009 -0.9834 0.1509
vn 0.0693 -0.9851 0.1572
vn -0.1117 -0.9824 0.1498
vn -0.1321 -0.9805 0.1457
vn -0.1183 -0.9818 0.1487
vn 0.2452 -0.0068 -0.9694
vn 0.2459 0.0007 -0.9693
vn 0.2054 -0.0098 -0.9786
vn 0.2461 -0.0252 -0.9689
vn 0.1403 0.0579 -0.9884
vn 0.1686 0.0632 -0.9837
vn 0.1514 0.0703 -0.9860
vn 0.2461 0.0286 -0.9688
vn -0.1526 0.0465 -0.9872
vn -0.1726 0.0610 -0.9831
vn -0.1973 0.0468 -0.9792
vn 0.1955 -0.9781 0.0711
vn 0.1760 -0.9794 0.0992
vn 0.1607 -0.9834 0.0838
vn 0.2072 -0.9782 0.0163
vn 0.1779 -0.9827 0.0516
vn 0.1828 -0.9831 -0.0049
vn 0.1576 -0.9682 -0.1944
vn 0.1799 -0.9373 -0.2985
vn -0.0023 -0.9894 0.1450
vn 0.0131 -0.9899 0.1414
vn -0.0024 -0.9906 0.1369
vn -0.1858 0.0236 -0.9823
vn -0.1385 0.0639 -0.9883
vn 0.1369 0.0535 -0.9891
vn 0.1547 0.0350 -0.9874
vn 0.1208 0.0297 -0.9922
vn 0.1282 -0.9876 0.0903
vn 0.1290 -0.9886 0.0770
vn 0.1128 -0.9902 0.0829
vn -0.1777 -0.9757 0.1282
vn -0.1693 -0.9766 0.1328
vn -0.1580 -0.9777 0.1386
vn 0.1296 -0.9862 0.1032
vn 0.1445 -0.9879 0.0561
vn 0.1785 -0.9755 0.1289
vn 0.1864 -0.9745 0.1247
vn 0.0769 -0.9859 0.1488
vn -0.1372 -0.9886 0.0628
vn -0.1481 -0.9866 0.0691
vn 0.1563 -0.9877 -0.0095
vn 0.1241 -0.9923 0.0037
vn 0.1358 -0.9864 -0.0927
vn 0.2285 -0.6584 -0.7172
vn 0.2482 -0.7388 -0.6265
vn 0.2174 -0.8569 -0.4673
vn -0.2043 0.0234 -0.9786
vn -0.1919 0.0110 -0.9813
vn 0.1787 0.0350 -0.9833
vn 0.0816 -0.0161 -0.9965
vn 0.0461 -0.0052 -0.9989
vn 0.0663 0.0267 -0.9974
vn -0.1784 -0.7417 -0.6466
vn 0.1639 -0.9794 0.1180
vn 0.1463 -0.9834 0.1076
vn 0.1435 -0.9828 0.1159
vn 0.1746 -0.9757 0.1321
vn 0.1901 -0.9739 0.1243
vn 0.1942 -0.9740 0.1169
vn 0.0993 -0.9890 0.1096
vn 0.1230 -0.9868 0.1049
vn -0.1501 -0.1271 -0.9805
vn -0.1574 -0.0300 -0.9871
vn 0.0959 -0.9945 0.0423
vn -0.1491 -0.9792 0.1379
vn 0.2541 -0.2146 -0.9431
vn -0.2586 0.0062 -0.9660
vn 0.0323 -0.9930 0.1139
vn 0.0496 -0.9936 0.1018
vn 0.0812 -0.0213 -0.9965
vn 0.1293 -0.0178 -0.9914
vn 0.1147 -0.0200 -0.9932
vn 0.1432 -0.9851 0.0948
vn 0.1541 -0.9849 0.0784
vn 0.1001 -0.6200 -0.7782
vn 0.1399 -0.5333 -0.8343
vn 0.1267 -0.7124 -0.6903
vn -0.0739 -0.9837 0.1637
vn -0.0541 -0.9849 0.1644
vn -0.0483 -0.9856 0.1620
vn -0.1961 -0.2013 -0.9597
vn -0.2350 -0.1874 -0.9538
vn 0.0389 -0.0241 -0.9990
vn 0.0543 -0.0187 -0.9983
vn 0.0111 -0.0176 -0.9998
vn 0.1029 -0.9197 -0.3789
vn 0.1240 -0.8422 -0.5247
vn 0.1334 -0.9149 -0.3809
vn 0.1803 0.0646 -0.9815
vn 0.1956 0.0802 -0.9774
vn -0.0170 -0.9563 -0.2920
vn -0.0297 -0.8395 -0.5426
vn 0.0033 -0.9171 -0.3986
vn 0.0588 -0.0647 -0.9962
vn 0.0486 -0.1567 -0.9864
vn 0.0273 -0.0914 -0.9954
vn -0.1433 -0.8190 -0.5556
vn -0.1650 -0.8814 -0.4427
vn -0.0911 0.0353 -0.9952
vn -0.1310 0.0145 -0.9913
vn 0.1043 -0.0211 -0.9943
vn 0.0970 0.0376 -0.9946
vn -0.0442 0.0172 -0.9989
vn -0.1011 0.0302 -0.9944
vn -0.0171 0.0046 -0.9998
vn -0.1095 -0.0081 -0.9940
vn -0.1686 -0.0050 -0.9857
vn 0.2272 -0.0003 -0.9738
vn 0.1135 0.0202 -0.9933
vn 0.1128 0.0025 -0.9936
vn -0.0692 -0.0492 -0.9964
vn -0.0328 -0.6317 -0.7745
vn 0.0095 -0.4894 -0.8720
vn 0.0015 -0.7281 -0.6855
vn 0.2182 0.0055 -0.9759
vn 0.1704 -0.0024 -0.9854
vn 0.1213 -0.0053 -0.9926
vn -0.0407 -0.0218 -0.9989
vn -0.0436 -0.0192 -0.9989
vn -0.0010 -0.0221 -0.9998
vn -0.1294 -0.9855 0.1097
vn -0.1336 -0.9891 0.0623
vn -0.1997 -0.9740 0.1071
vn -0.2036 -0.9751 0.0884
vn -0.1891 -0.9765 0.1035
vn 0.1942 -0.9753 0.1056
vn 0.1689 -0.9780 0.1221
vn 0.1504 -0.9814 0.1191
vn -0.1175 -0.9912 0.0615
vn -0.1349 -0.9904 0.0301
vn -0.1292 -0.9909 0.0382
vn -0.1228 -0.9918 0.0355
vn 0.1250 -0.9917 0.0287
vn 0.1339 -0.3086 -0.9417
vn -0.2466 -0.5482 -0.7991
vn -0.1269 -0.3145 -0.9407
vn -0.1234 -0.1478 -0.9813
vn -0.1580 -0.6518 -0.7418
vn -0.1698 -0.3878 -0.9060
vn -0.1840 -0.9749 0.1257
vn -0.1735 -0.9759 0.1326
vn -0.0767 -0.9863 0.1460
vn -0.1035 -0.9846 0.1410
vn -0.0924 -0.9840 0.1525
vn 0.1721 -0.9783 0.1157
vn 0.1708 -0.9789 0.1120
vn 0.1325 -0.9802 0.1474
vn 0.1108 -0.9869 0.1173
vn 0.1284 -0.9851 0.1148
vn 0.1114 -0.9932 0.0345
vn 0.1146 -0.9925 0.0430
vn 0.1073 -0.9928 0.0532
vn 0.0994 -0.9941 0.0435
vn -0.2176 0.0002 -0.9760
vn -0.1905 -0.0076 -0.9817
vn 0.1999 -0.0060 -0.9798
vn 0.2486 0.0948 -0.9640
vn -0.1289 -0.9863 0.1034
vn -0.1503 -0.9834 0.1016
vn -0.1358 -0.9841 0.1148
vn -0.1118 -0.9885 0.1020
vn -0.0968 -0.9890 0.1117
vn -0.0904 -0.9908 0.1010
vn -0.0268 -0.1681 -0.9854
vn -0.0540 -0.2662 -0.9624
vn -0.0539 0.0621 -0.9966
vn -0.0629 0.0564 -0.9964
vn -0.0920 0.0657 -0.9936
vn -0.0770 -0.9934 0.0851
vn -0.0994 -0.9925 0.0716
vn -0.0242 -0.9982 0.0540
vn -0.0329 -0.9973 0.0657
vn -0.0404 -0.9978 0.0524
vn -0.2362 0.0288 -0.9713
vn -0.2460 0.0182 -0.9691
vn -0.2092 0.0714 -0.9753
vn -0.1349 -0.0144 -0.9908
vn -0.1810 -0.0100 -0.9834
vn -0.1288 0.0222 -0.9914
vn -0.1316 0.0164 -0.9912
vn -0.2434 0.0191 -0.9697
vn 0.2105 -0.9765 -0.0458
vn 0.2242 -0.9743 -0.0215
vn 0.1095 -0.9894 -0.0949
vn 0.1279 -0.9660 -0.2246
vn 0.2389 -0.5522 -0.7987
vn 0.1947 -0.5878 -0.7852
vn 0.1630 -0.7005 -0.6948
vn -0.2476 0.0145 -0.9688
vn -0.2600 0.0050 -0.9656
vn -0.2483 -0.0057 -0.9687
vn -0.2399 -0.0091 -0.9708
vn -0.2597 -0.0065 -0.9657
vn -0.2617 -0.0059 -0.9651
vn -0.2439 -0.0072 -0.9698
vn 0.0355 -0.0156 -0.9992
vn 0.0064 -0.0080 -0.9999
vn -0.0419 -0.0245 -0.9988
vn -0.0719 -0.0208 -0.9972
vn -0.0778 -0.0231 -0.9967
vn -0.1781 0.0634 -0.9820
vn -0.1628 0.0374 -0.9860
vn -0.1382 -0.9142 -0.3809
vn -0.1501 -0.9887 -0.0040
vn -0.1635 -0.9856 0.0429
vn -0.1818 -0.9833 -0.0080
vn 0.0009 -0.9990 0.0438
vn 0.0154 -0.9987 0.0484
vn 0.0709 -0.9924 0.1001
vn -0.0965 -0.0121 -0.9953
vn -0.0566 -0.0153 -0.9983
vn -0.0386 0.0192 -0.9991
vn -0.0694 0.0185 -0.9974
vn -0.0393 0.0419 -0.9983
vn -0.0121 0.0572 -0.9983
vn 0.0034 0.0421 -0.9991
vn 0.0292 0.0567 -0.9980
vn -0.0640 0.0146 -0.9978
vn -0.0448 0.0252 -0.9987
vn 0.0778 0.0580 -0.9953
vn 0.1083 0.0632 -0.9921
vn 0.1834 0.0028 -0.9830
vn 0.2660 0.0103 -0.9639
vn 0.2597 0.0184 -0.9655
vn 0.1621 -0.0141 -0.9867
vn 0.1793 -0.0077 -0.9838
vn 0.0825 -0.0221 -0.9963
vn 0.1008 -0.0146 -0.9948
vn 0.1601 -0.0176 -0.9869
vn 0.1765 -0.0131 -0.9842
vn -0.2500 -0.1104 -0.9619
vn -0.2096 -0.3247 -0.9223
vn 0.2691 -0.0072 -0.9631
vn 0.2606 -0.0059 -0.9654
vn 0.1651 0.0703 -0.9838
vn 0.0996 0.0601 -0.9932
vn -0.1886 -0.9741 0.1250
vn -0.1642 -0.9776 0.1313
vn -0.0752 -0.9843 0.1596
vn -0.0621 -0.9869 0.1486
vn -0.0494 -0.9866 0.1553
vn -0.2066 -0.0105 -0.9784
vn -0.1642 -0.0183 -0.9863
vn -0.2077 -0.0148 -0.9781
vn -0.1832 -0.0163 -0.9829
vn -0.2435 -0.0091 -0.9698
vn -0.1122 -0.7473 -0.6549
vn -0.1148 -0.8625 -0.4929
vn -0.0522 -0.9986 -0.0034
vn -0.0879 -0.9961 -0.0063
vn -0.0714 -0.9914 -0.1094
vn 0.0847 -0.9952 0.0482
vn 0.1032 -0.9947 -0.0011
vn 0.1141 -0.9909 0.0715
vn 0.0079 -0.9857 -0.1684
vn -0.1560 -0.9778 0.1398
vn -0.1357 -0.9799 0.1463
vn -0.1071 -0.9830 0.1490
vn -0.1175 -0.9825 0.1446
vn -0.1171 -0.9848 0.1282
vn 0.1456 -0.9815 0.1241
vn 0.1233 -0.9840 0.1287
vn 0.1042 -0.9862 0.1285
vn 0.1048 -0.9857 0.1322
vn 0.1319 -0.9808 0.1437
vn 0.1522 -0.9786 0.1383
vn 0.1528 -0.9778 0.1431
vn 0.1427 -0.9804 0.1357
vn 0.1038 -0.9845 0.1411
vn 0.0995 -0.9866 0.1293
vn 0.1234 -0.9838 0.1299
vn 0.0057 -0.9872 0.1595
vn -0.0106 -0.9875 0.1573
vn 0.1122 -0.9675 -0.2267
vn 0.0839 -0.9651 -0.2480
vn -0.0885 -0.9861 0.1410
vn -0.1154 -0.9842 0.1345
vn -0.1016 -0.9871 0.1236
vn 0.0035 -0.9998 0.0185
vn -0.0037 -0.9985 -0.0538
vn 0.0302 -0.9972 -0.0679
vn 0.0707 -0.9928 0.0964
vn 0.0961 -0.9904 0.0998
vn 0.0539 -0.9954 0.0793
vn 0.0336 -0.9989 0.0336
vn 0.0594 -0.9982 0.0052
vn -0.1553 -0.9601 -0.2327
vn -0.1615 -0.9818 -0.1004
vn -0.0910 0.0014 -0.9958
vn -0.0654 -0.0106 -0.9978
vn -0.0473 0.0069 -0.9989
vn -0.1150 -0.0206 -0.9932
vn -0.1030 -0.0203 -0.9945
vn -0.0541 -0.0230 -0.9983
vn -0.0213 -0.0233 -0.9995
vn 0.0063 -0.0237 -0.9997
vn 0.0392 -0.0221 -0.9990
vn 0.0438 -0.0067 -0.9990
vn 0.0807 -0.0077 -0.9967
vn 0.0764 0.0062 -0.9971
vn -0.0884 -0.0194 -0.9959
vn -0.0038 -0.0246 -0.9997
vn -0.0832 -0.0209 -0.9963
vn -0.1359 -0.0114 -0.9907
vn -0.1192 -0.0190 -0.9927
vn -0.0863 -0.0161 -0.9961
vn 0.0732 -0.0234 -0.9970
vn 0.1231 -0.0188 -0.9922
vn 0.2591 -0.0150 -0.9657
vn -0.2473 -0.2086 -0.9462
vn -0.2495 -0.3885 -0.8871
vn -0.1697 -0.1629 -0.9719
vn -0.1358 -0.4988 -0.8560
vn -0.1151 -0.5708 -0.8130
vn -0.0855 -0.7014 -0.7077
vn -0.1061 -0.9496 -0.2949
vn -0.0888 -0.5016 -0.8605
vn -0.0533 -0.6490 -0.7589
vn -0.0280 -0.4037 -0.9145
vn -0.0580 -0.4467 -0.8928
vn -0.0016 -0.2877 -0.9577
vn 0.0042 -0.1545 -0.9880
vn 0.0239 -0.2582 -0.9658
vn 0.0388 -0.4700 -0.8818
vn 0.0687 -0.6508 -0.7561
vn 0.0374 -0.6747 -0.7371
vn -0.1193 -0.0449 -0.9918
vn -0.0400 -0.0656 -0.9970
vn -0.1802 -0.9307 -0.3183
vn 0.0369 -0.9968 0.0708
vn 0.0560 -0.9964 0.0641
vn 0.0506 -0.9958 0.0769
vn -0.0298 -0.9981 0.0543
vn -0.0047 -0.9978 0.0666
vn -0.0163 -0.9986 0.0494
vn 0.1069 0.0467 -0.9932
vn 0.1475 0.0025 -0.9891
vn 0.1142 0.0004 -0.9935
vn 0.1173 0.0224 -0.9928
vn -0.0065 0.0222 -0.9997
vn -0.0158 0.0047 -0.9999
vn 0.0162 0.0075 -0.9998
vn 0.0807 -0.1228 -0.9891
vn 0.0826 -0.2698 -0.9594
vn 0.1366 -0.1686 -0.9762
vn 0.1051 -0.2298 -0.9675
vn 0.1083 -0.1050 -0.9886
vn 0.0917 -0.8053 -0.5857
vn 0.0367 -0.9764 -0.2126
vn -0.0694 -0.9960 0.0555
vn -0.0542 -0.9933 0.1024
vn -0.2125 -0.0102 -0.9771
vn -0.0299 -0.9963 0.0809
vn -0.0307 -0.9973 0.0669
vn -0.0569 -0.9975 0.0409
vn -0.0526 -0.9977 0.0422
vn -0.0744 -0.9965 0.0372
vn -0.0721 -0.9926 0.0976
vn -0.0575 -0.9942 0.0911
vn -0.0537 -0.9916 0.1176
vn -0.0390 -0.9930 0.1114
vn -0.0560 -0.9929 0.1052
vn 0.0507 -0.9946 0.0908
vn -0.0211 -0.9902 0.1383
vn -0.0208 -0.9911 0.1311
vn -0.0385 -0.9901 0.1353
vn 0.0490 -0.9876 0.1494
vn 0.0321 -0.9889 0.1449
vn 0.0311 -0.9879 0.1521
vn 0.0410 -0.9901 0.1341
vn 0.0515 -0.9887 0.1408
vn 0.0889 -0.9889 0.1191
vn 0.2223 -0.0083 -0.9749
vn 0.1500 -0.0114 -0.9886
vn -0.0537 -0.9903 0.1284
vn -0.0562 -0.9887 0.1389
vn -0.0212 -0.9865 0.1623
vn -0.0070 -0.9883 0.1525
vn -0.0350 -0.9873 0.1551
vn 0.1172 -0.9906 0.0709
vn 0.1013 -0.9923 0.0718
vn -0.0052 0.0413 -0.9991
vn -0.0220 0.0611 -0.9979
vn -0.0218 -0.0066 -0.9997
vn -0.0072 -0.0664 -0.9978
vn 0.0669 -0.9864 0.1502
vn 0.0485 -0.9867 0.1551
vn -0.0423 -0.9860 0.1613
vn -0.0306 -0.9861 0.1636
vn 0.0145 -0.9864 0.1638
vn 0.0280 -0.9858 0.1658
vn 0.0406 -0.9858 0.1632
vn -0.0362 -0.9880 0.1501
vn 0.0358 -0.9861 0.1621
vn 0.0082 -0.9866 0.1630
vn -0.0275 -0.9858 0.1656
vn 0.1307 0.0677 -0.9891
vn 0.0618 0.0466 -0.9970
vn -0.0362 0.0533 -0.9979
vn 0.0325 0.0462 -0.9984
vn 0.0378 0.0467 -0.9982
vn 0.1049 -0.0152 -0.9944
vn 0.0782 -0.0104 -0.9969
vn 0.0677 -0.0169 -0.9976
vn -0.0027 -0.0171 -0.9998
vn -0.0536 -0.0089 -0.9985
vn -0.0363 -0.0129 -0.9993
vn 0.1731 -0.0908 -0.9807
vn 0.1945 -0.7714 -0.6059
vn 0.1098 -0.4234 -0.8993
vn 0.0828 -0.4542 -0.8870
vn 0.2337 -0.9215 -0.3103
vn 0.9934 0.0535 -0.1011
vn 0.9934 0.0535 -0.1012
vn -0.9934 -0.0535 0.1013
vn 0.1646 -0.8688 -0.4670
vn 0.1890 -0.8784 -0.4390
vn 0.1521 -0.9377 -0.3125
vn 0.0805 -0.9117 -0.4029
vn 0.0554 -0.2931 -0.9545
vn -0.0209 -0.0072 -0.9998
vn 0.0125 -0.0085 -0.9999
vn -0.0574 -0.8118 -0.5811
vn -0.0339 -0.9928 -0.1147
vn 0.1452 -0.0095 -0.9894
vn 0.2646 -0.0047 -0.9643
vn 0.0804 -0.9960 -0.0376
vn 0.0598 -0.9921 -0.1102
vn -0.0900 0.0563 -0.9943
vn -0.2561 -0.0127 -0.9666
vn 0.0789 -0.9906 0.1115
vn 0.0825 -0.9939 0.0729
vn 0.0169 -0.9973 0.0716
vn 0.0091 -0.9966 0.0819
vn 0.0004 -0.9952 0.0974
vn -0.0154 -0.9952 0.0970
vn -0.0011 -0.9938 0.1115
vn 0.0139 -0.9927 0.1196
vn 0.0309 -0.9920 0.1223
vn 0.0155 -0.9912 0.1317
vn 0.0596 -0.9893 0.1328
vn 0.0111 -0.9876 0.1564
vn 0.0165 -0.9887 0.1491
vn 0.0786 -0.9882 0.1313
vn 0.0894 -0.9861 0.1402
vn 0.0698 -0.9877 0.1398
vn 0.1215 -0.9822 0.1434
vn 0.0250 -0.9870 0.1589
vn 0.0741 -0.9846 0.1582
vn 0.0528 -0.9849 0.1648
vn 0.0692 -0.9845 0.1611
vn 0.0022 -0.9859 0.1671
vn -0.0104 -0.9867 0.1620
vn -0.0356 -0.9887 0.1454
vn -0.0535 -0.9875 0.1482
vn -0.0633 -0.9860 0.1546
vn -0.0192 -0.9926 0.1203
vn -0.0367 -0.9916 0.1241
vn -0.0712 -0.9899 0.1229
vn -0.0753 -0.9912 0.1085
vn -0.1108 -0.9871 0.1153
vn -0.0904 -0.9879 0.1258
vn 0.0695 -0.9849 0.1586
vn 0.0882 -0.9858 0.1427
vn 0.0960 -0.9839 0.1510
vn -0.0034 -0.9920 0.1259
vn -0.0331 -0.9949 0.0951
vn -0.0450 -0.9957 0.0810
vn -0.0789 -0.9947 0.0661
vn -0.0855 -0.9948 0.0546
vn -0.0309 -0.9985 0.0461
vn -0.0149 -0.9962 0.0855
vn 0.0209 -0.9980 0.0589
vn 0.0029 -0.9987 0.0516
vn -0.0803 -0.9844 0.1565
vn -0.0980 -0.9835 0.1519
vn -0.1233 -0.9813 0.1477
vn -0.1152 -0.9819 0.1505
vn -0.0687 -0.9849 0.1587
vn -0.0613 -0.9851 0.1609
vn -0.0951 -0.9837 0.1526
vn -0.0489 -0.9893 0.1375
vn 0.0041 -0.9862 0.1655
vn -0.0738 -0.9887 0.1302
vn 0.0084 -0.9909 0.1346
vn -0.0275 -0.9908 0.1325
vn -0.0237 -0.9997 0.0008
vn 0.0283 -0.9920 0.1230
vn 0.0050 -0.9940 0.1093
vn 0.0300 -0.9956 0.0891
vn 0.0746 -0.9891 0.1273
vn -0.0916 -0.9824 0.1628
vn 0.0476 -0.9855 0.1629
vn 0.1221 -0.9813 0.1489
vn -0.1604 -0.9821 0.0989
vn -0.1430 -0.9881 0.0568
vn -0.0625 -0.9950 0.0776
vn -0.0955 -0.9945 0.0437
vn -0.1056 -0.9933 0.0471
vn -0.1025 -0.9945 0.0214
vn -0.1215 -0.9922 0.0285
vn -0.1075 -0.9936 0.0350
vn -0.1032 -0.9932 0.0531
vn -0.0672 -0.9968 0.0429
vn -0.0372 -0.9976 0.0586
vn -0.0079 -0.9990 0.0447
vn -0.0265 -0.9981 0.0562
vn 0.0471 -0.9974 0.0547
vn 0.0406 -0.9981 0.0464
vn 0.0555 -0.9974 0.0456
vn 0.0772 -0.9963 0.0369
vn 0.0408 -0.9974 0.0593
vn 0.0350 -0.9968 0.0712
vn 0.0214 0.0207 -0.9996
vn 0.1080 -0.9831 0.1478
vn 0.1651 -0.9776 0.1308
vn -0.0319 -0.0198 -0.9993
vn 0.1422 0.0412 -0.9890
vn 0.1164 -0.9836 0.1374
vn -0.1179 -0.9930 0.0060
vn -0.0599 -0.9702 -0.2349
vn -0.0355 -0.9533 -0.2998
vn -0.0968 0.0559 -0.9937
vn -0.0978 -0.0093 -0.9952
vn 0.0174 -0.0205 -0.9996
vn 0.0220 -0.8288 -0.5591
vn 0.0638 -0.9604 -0.2711
vn 0.0376 -0.9250 -0.3782
vn 0.0578 -0.8271 -0.5591
vn 0.2541 0.0210 -0.9670
vn 0.2580 0.0406 -0.9653
vn 0.2584 0.0257 -0.9657
vn 0.2647 0.0469 -0.9632
vn 0.0017 -0.9871 0.1599
vn -0.0980 -0.9934 0.0604
vn -0.0849 -0.9910 0.1033
vn -0.1122 -0.9898 0.0879
vn -0.1465 -0.9789 0.1422
vn 0.0126 -0.9885 0.1505
vn 0.1645 -0.9815 -0.0974
vn -0.2087 -0.9758 0.0649
vn -0.1911 -0.9744 0.1181
vn 0.0164 -0.9942 0.1065
vn 0.0686 -0.9943 0.0822
vn 0.1162 -0.9922 0.0456
vn 0.0723 -0.9964 0.0434
vn 0.1099 -0.9929 0.0466
vn -0.0195 -0.9940 0.1074
vn 0.0865 -0.9834 0.1597
vn 0.1409 -0.9893 0.0382
vn 0.1439 -0.9880 0.0562
vn 0.0821 -0.9873 -0.1362
vn -0.2269 -0.9686 -0.1021
vn -0.2293 -0.9544 -0.1913
vn -0.2300 -0.9183 -0.3222
vn -0.2078 -0.8940 -0.3970
vn 0.0477 -0.9910 0.1254
vn 0.2275 -0.9687 -0.0997
vn 0.2158 -0.9761 0.0261
vn 0.2119 -0.9751 0.0650
vn 0.2069 -0.9744 0.0881
vn 0.2025 -0.9734 0.1073
vn 0.1879 -0.9746 0.1219
vn 0.1882 -0.9747 0.1203
vn 0.1822 -0.9754 0.1241
vn 0.1757 -0.9767 0.1230
vn 0.9994 0.0009 -0.0350
vn 0.9994 0.0009 -0.0351
vn 0.1565 -0.9838 0.0877
vn 0.1641 -0.9806 0.1076
vn 0.1441 -0.9884 0.0472
vn -0.1661 -0.9798 0.1117
vn -0.1658 -0.9792 0.1166
vn -0.1790 -0.9759 0.1248
vn -0.1851 -0.9751 0.1221
vn -0.1843 -0.9754 0.1208
vn 0.2397 -0.4108 -0.8797
vn 0.1066 -0.9941 0.0215
vn 0.1322 0.9909 0.0253
vn 0.1325 0.9909 0.0256
vn 0.1280 0.9914 0.0265
vn 0.1279 0.9914 0.0272
vn 0.1324 0.9909 0.0259
vn 0.1320 0.9909 0.0266
vn 0.1317 0.9909 0.0269
vn 0.1315 0.9909 0.0278
vn 0.1317 0.9910 0.0249
vn 0.1091 0.9937 0.0261
vn 0.1091 0.9937 0.0260
vn 0.1160 0.9929 0.0260
vn 0.1171 0.9928 0.0262
vn 0.1314 0.9909 0.0282
vn -0.8234 -0.5673 -0.0149
vn -0.7208 -0.6929 -0.0182
vn -0.8345 -0.5509 -0.0144
vn -0.9127 -0.4084 -0.0107
vn -0.9201 -0.3915 -0.0102
vn -0.6477 -0.7616 -0.0199
vn -0.7074 -0.7065 -0.0185
vn -0.9988 -0.0489 -0.0013
vn -0.9755 -0.2199 -0.0058
vn -0.9991 -0.0415 -0.0011
vn -0.9989 0.0471 0.0012
vn -0.9723 -0.2339 -0.0061
vn -0.9903 0.1391 0.0036
vn -0.9903 0.1391 0.0037
vn 0.9903 0.1391 0.0036
vn 0.9989 0.0473 0.0012
vn 0.9992 -0.0410 -0.0011
vn 0.9988 -0.0489 -0.0013
vn 0.9756 -0.2193 -0.0057
vn 0.9722 -0.2340 -0.0061
vn 0.9203 -0.3911 -0.0102
vn 0.9126 -0.4088 -0.0107
vn 0.8229 -0.5679 -0.0149
vn 0.8346 -0.5506 -0.0144
vn 0.7209 -0.6928 -0.0181
vn 0.7069 -0.7071 -0.0185
vn 0.6476 -0.7617 -0.0200
vn 0.6476 -0.7617 -0.0199
vn -0.1145 0.9931 0.0260
vn -0.1083 0.9938 0.0260
vn -0.1083 0.9938 0.0262
vn -0.1156 0.9929 0.0262
vn -0.1246 0.9917 0.0305
vn -0.1255 0.9918 0.0257
vn -0.1230 0.9922 0.0196
vn -0.1284 0.9913 0.0282
vn -0.1284 0.9913 0.0278
vn -0.1291 0.9913 0.0253
vn -0.1292 0.9913 0.0260
vn -0.1287 0.9913 0.0269
vn -0.1289 0.9913 0.0265
vn -0.1287 0.9914 0.0249
vn -0.9779 0.2091 0.0055
vn -0.9617 0.2742 0.0072
vn -0.9595 0.2818 0.0074
vn -0.9383 0.3457 0.0090
vn 0.9594 0.2819 0.0074
vn 0.9383 0.3457 0.0091
vn 0.9617 0.2741 0.0072
vn 0.9779 0.2091 0.0055
vn -0.2601 -0.0537 0.9641
vn -0.2635 -0.0711 0.9620
vn -0.2657 -0.0454 0.9630
vn -0.1538 0.9772 -0.1460
vn -0.1831 0.9738 -0.1352
vn -0.1889 0.9734 -0.1294
vn -0.2273 -0.0742 0.9710
vn -0.2471 -0.0911 0.9647
vn -0.2244 -0.0777 0.9714
vn 0.1100 0.9823 -0.1518
vn 0.1212 0.9824 -0.1424
vn 0.0996 0.9843 -0.1459
vn 0.1978 0.9792 -0.0449
vn 0.1743 0.9846 -0.0087
vn 0.2070 0.9781 0.0204
vn 0.1015 -0.0164 0.9947
vn 0.0700 -0.0041 0.9975
vn 0.0480 -0.0122 0.9988
vn -0.2433 -0.0254 0.9696
vn -0.2563 -0.0153 0.9665
vn 0.1719 0.0218 0.9849
vn 0.1887 0.1137 0.9754
vn 0.1545 0.0819 0.9846
vn 0.0274 -0.0465 0.9985
vn 0.0355 -0.0266 0.9990
vn 0.0680 -0.0389 0.9969
vn -0.1860 -0.0650 0.9804
vn -0.2074 -0.0589 0.9765
vn -0.2395 -0.0681 0.9685
vn -0.2539 -0.0869 0.9633
vn 0.1865 0.9705 0.1532
vn 0.1828 0.9448 0.2720
vn 0.2069 0.9477 0.2432
vn -0.2667 0.0001 0.9638
vn -0.2522 0.0044 0.9677
vn -0.2750 0.0045 0.9614
vn 0.0849 0.9949 -0.0545
vn 0.0619 0.9978 -0.0235
vn 0.1010 0.9948 0.0144
vn -0.1971 -0.0057 0.9804
vn -0.2338 -0.0166 0.9721
vn -0.2176 -0.0281 0.9756
vn 0.1830 -0.0297 0.9827
vn 0.1555 -0.0116 0.9878
vn 0.1914 -0.0147 0.9814
vn -0.2637 -0.0093 0.9646
vn -0.2418 -0.0236 0.9700
vn -0.0545 -0.0272 0.9981
vn -0.0040 -0.0349 0.9994
vn -0.0383 -0.0447 0.9983
vn 0.1905 0.9746 -0.1175
vn 0.1805 0.9745 -0.1331
vn 0.1649 0.9776 -0.1307
vn -0.2497 -0.0034 0.9683
vn -0.2656 -0.0086 0.9640
vn 0.1598 0.9784 -0.1308
vn 0.1578 0.9798 -0.1232
vn 0.1410 0.9811 -0.1328
vn -0.1671 -0.0161 0.9858
vn -0.2723 0.0099 0.9622
vn -0.2585 0.0092 0.9660
vn -0.1740 -0.0324 0.9842
vn -0.1987 -0.0239 0.9798
vn 0.2541 -0.0691 0.9647
vn 0.2492 -0.0845 0.9647
vn 0.2307 -0.0672 0.9707
vn -0.0687 0.9838 -0.1653
vn -0.0916 0.9834 -0.1569
vn -0.0784 0.9831 -0.1654
vn -0.2122 0.0227 0.9770
vn -0.2347 0.0921 0.9677
vn -0.2469 0.0371 0.9683
vn -0.2369 -0.0753 0.9686
vn -0.2229 -0.0501 0.9735
vn -0.1684 0.9784 -0.1201
vn -0.1598 0.9786 -0.1294
vn -0.1557 0.9800 -0.1243
vn 0.0535 0.9895 -0.1340
vn 0.0753 0.9869 -0.1424
vn 0.0725 0.9886 -0.1316
vn -0.2565 0.0301 0.9661
vn -0.1594 0.9826 -0.0957
vn -0.1553 0.9822 -0.1055
vn -0.1482 0.9845 -0.0933
vn -0.1822 0.6150 0.7672
vn -0.2197 0.4752 0.8520
vn -0.1843 0.3664 0.9120
vn -0.1637 0.9765 -0.1400
vn -0.1511 0.9767 -0.1520
vn -0.1760 0.9741 -0.1416
vn -0.1476 -0.0629 0.9871
vn -0.1652 -0.0552 0.9847
vn -0.1663 0.9798 -0.1114
vn -0.1580 0.9808 -0.1143
vn -0.1634 0.9809 -0.1050
vn -0.1360 0.9874 -0.0808
vn -0.1514 0.9857 -0.0738
vn -0.2017 -0.0042 0.9794
vn -0.2432 -0.0071 0.9700
vn -0.2233 0.0088 0.9747
vn -0.1453 0.9879 -0.0537
vn -0.1421 0.9879 -0.0623
vn -0.1324 0.9901 -0.0470
vn 0.1972 0.9731 -0.1190
vn 0.1922 0.9735 -0.1237
vn -0.1564 0.9775 0.1413
vn -0.1905 0.9563 0.2219
vn -0.1661 0.9379 0.3047
vn -0.1259 0.9894 -0.0720
vn 0.1334 0.9800 0.1479
vn 0.1624 0.9729 0.1643
vn 0.1530 0.9871 0.0477
vn -0.0862 0.9953 -0.0440
vn -0.0890 0.9951 -0.0423
vn -0.1036 0.9935 -0.0471
vn -0.1537 0.9779 -0.1419
vn -0.1325 0.9791 -0.1541
vn -0.1521 0.9779 -0.1437
vn -0.2369 0.5994 0.7646
vn -0.2480 0.4482 0.8589
vn -0.1870 0.9804 -0.0625
vn -0.1621 0.9854 -0.0518
vn -0.1624 0.9814 -0.1028
vn 0.1689 0.0171 0.9855
vn 0.1216 0.0235 0.9923
vn 0.1392 0.0167 0.9901
vn -0.1262 0.9904 0.0570
vn -0.1281 0.9726 0.1938
vn -0.0914 0.9918 0.0892
vn 0.2057 -0.0510 0.9773
vn 0.2428 -0.0513 0.9687
vn 0.0738 -0.0131 0.9972
vn 0.1160 0.0025 0.9932
vn 0.1157 -0.0219 0.9930
vn 0.1715 -0.0566 0.9836
vn 0.2037 -0.0538 0.9775
vn 0.1722 -0.0276 0.9847
vn -0.1353 0.9817 -0.1339
vn -0.1407 0.9821 -0.1250
vn -0.0734 0.0252 0.9970
vn -0.0939 0.0270 0.9952
vn -0.0554 0.0286 0.9981
vn -0.1960 0.8921 0.4071
vn -0.1922 -0.0635 0.9793
vn -0.2257 0.8370 0.4985
vn -0.2426 0.7819 0.5743
vn -0.2215 0.6981 0.6809
vn -0.1959 0.9770 -0.0847
vn -0.1435 -0.0059 0.9896
vn -0.1710 0.9751 -0.1411
vn -0.1469 0.9793 -0.1395
vn -0.1191 0.9821 -0.1462
vn -0.1270 0.9800 -0.1534
vn -0.2231 -0.0480 0.9736
vn -0.1990 -0.0255 0.9797
vn 0.2118 0.0148 0.9772
vn 0.2225 0.0148 0.9748
vn 0.2504 0.0123 0.9681
vn -0.0859 0.5338 0.8413
vn -0.0982 0.3441 0.9338
vn -0.0659 0.3735 0.9253
vn 0.0526 0.0112 0.9986
vn 0.0150 -0.0011 0.9999
vn 0.1345 -0.0463 0.9898
vn 0.1701 -0.0499 0.9842
vn 0.1629 -0.0552 0.9851
vn 0.1545 -0.0152 0.9879
vn 0.2050 -0.0269 0.9784
vn 0.1811 -0.0071 0.9834
vn 0.0928 0.9827 -0.1602
vn 0.0870 0.9841 -0.1546
vn 0.1182 0.9809 -0.1547
vn 0.2513 -0.0079 0.9679
vn 0.2533 -0.0071 0.9674
vn 0.2223 -0.0170 0.9748
vn -0.1086 0.9810 -0.1608
vn -0.0971 0.9815 -0.1650
vn 0.0053 0.9881 -0.1538
vn -0.0075 0.9911 -0.1325
vn 0.0191 0.9902 -0.1382
vn 0.2626 -0.0035 0.9649
vn 0.2450 0.0001 0.9695
vn 0.2292 -0.0222 0.9731
vn 0.0838 0.0798 0.9933
vn 0.0670 0.0204 0.9975
vn 0.1003 0.0196 0.9948
vn 0.2306 -0.0778 0.9699
vn 0.0870 0.9827 -0.1636
vn 0.0841 0.9822 -0.1679
vn 0.1066 0.9810 -0.1621
vn 0.2423 -0.0151 0.9701
vn 0.2468 -0.0113 0.9690
vn 0.2497 -0.0155 0.9682
vn 0.1510 0.9804 -0.1264
vn 0.1146 0.9826 -0.1465
vn 0.1261 0.9836 -0.1289
vn -0.0638 0.9850 -0.1604
vn -0.0748 0.9836 -0.1639
vn -0.0894 0.9847 -0.1498
vn 0.1235 0.9916 0.0392
vn 0.1463 0.9890 -0.0214
vn 0.1218 0.9918 -0.0382
vn 0.2297 -0.0716 0.9706
vn 0.2167 -0.0452 0.9752
vn 0.1897 -0.0626 0.9799
vn 0.1945 -0.0155 0.9808
vn 0.1029 0.9869 0.1243
vn 0.0930 0.9677 0.2345
vn 0.1180 0.9504 0.2877
vn 0.0595 0.9852 -0.1608
vn 0.0358 0.9874 -0.1542
vn 0.0355 0.9858 -0.1642
vn -0.1400 0.9834 -0.1155
vn -0.1215 0.9848 -0.1245
vn -0.1175 0.9866 -0.1131
vn 0.2305 0.0906 0.9688
vn 0.2522 0.0286 0.9673
vn 0.2467 0.1296 0.9604
vn -0.1945 0.9740 -0.1159
vn -0.1728 0.9784 -0.1132
vn -0.1717 0.9753 -0.1390
vn 0.0220 0.9850 -0.1714
vn -0.0062 0.9859 -0.1670
vn 0.0122 0.9862 -0.1651
vn 0.2422 -0.0841 0.9666
vn 0.2187 -0.0738 0.9730
vn 0.2032 0.0333 0.9786
vn 0.2427 0.0416 0.9692
vn -0.1639 -0.0367 0.9858
vn -0.1698 -0.0156 0.9854
vn -0.1453 -0.0229 0.9891
vn -0.1458 -0.0538 0.9878
vn -0.1633 -0.0701 0.9841
vn 0.2257 0.9598 0.1667
vn 0.2144 0.9687 0.1252
vn -0.0776 0.9889 -0.1266
vn -0.0839 0.9872 -0.1359
vn -0.0603 0.9886 -0.1380
vn 0.1831 0.9813 0.0601
vn 0.1294 0.0891 0.9876
vn 0.1291 0.0213 0.9914
vn -0.0507 0.9844 -0.1687
vn -0.0684 0.9830 -0.1701
vn -0.0383 0.9839 -0.1747
vn 0.1828 0.9784 -0.0967
vn 0.1471 -0.0608 0.9873
vn 0.1013 -0.0563 0.9933
vn -0.0526 0.9907 -0.1258
vn -0.0708 0.9911 -0.1131
vn 0.1726 0.9749 -0.1408
vn 0.1724 0.9747 -0.1424
vn 0.1828 0.9740 -0.1342
vn -0.2027 0.0932 0.9748
vn -0.1847 0.0291 0.9824
vn -0.1633 0.1095 0.9805
vn 0.1626 0.9770 -0.1377
vn 0.1497 0.9771 -0.1510
vn 0.1627 0.9762 -0.1436
vn 0.1835 0.9733 -0.1377
vn 0.1779 0.9749 -0.1337
vn 0.1166 -0.0168 0.9930
vn 0.1485 -0.0274 0.9885
vn 0.1369 0.9838 -0.1157
vn 0.1523 0.9827 -0.1056
vn 0.1334 0.9854 -0.1062
vn 0.0581 0.9969 -0.0534
vn 0.0332 0.9982 -0.0494
vn 0.0435 0.9969 -0.0655
vn -0.0357 0.9978 -0.0567
vn -0.0213 0.9982 -0.0558
vn -0.0385 0.9976 -0.0576
vn 0.2644 0.0057 0.9644
vn 0.2635 0.0117 0.9646
vn 0.2513 0.0105 0.9679
vn 0.1167 0.9856 -0.1227
vn 0.1120 0.9874 -0.1121
vn 0.1193 0.9921 -0.0400
vn 0.1277 0.9906 -0.0489
vn 0.1317 0.9907 -0.0353
vn 0.0354 0.9917 -0.1240
vn 0.0155 0.9931 -0.1164
vn 0.0150 0.9915 -0.1292
vn 0.1187 0.9924 -0.0323
vn 0.1117 0.9927 -0.0447
vn -0.2731 -0.0050 0.9620
vn 0.0749 0.9939 -0.0804
vn 0.0818 0.9921 -0.0955
vn 0.0976 0.9916 -0.0854
vn 0.1446 0.9850 -0.0938
vn 0.1333 0.9878 -0.0810
vn 0.1226 0.9878 -0.0961
vn 0.2389 0.0139 0.9710
vn 0.2619 0.0102 0.9650
vn 0.1420 0.9804 -0.1367
vn 0.0464 0.9884 -0.1449
vn 0.0243 0.9890 -0.1459
vn 0.1307 -0.0051 0.9914
vn 0.2129 0.0051 0.9771
vn 0.1798 0.0122 0.9836
vn 0.1479 -0.0328 0.9885
vn -0.0643 0.0134 0.9978
vn -0.0308 -0.0005 0.9995
vn -0.0069 0.0120 0.9999
vn -0.0140 -0.0480 0.9987
vn 0.1870 -0.0692 0.9799
vn 0.1197 0.6160 0.7786
vn 0.1264 0.8446 0.5203
vn 0.0991 0.7873 0.6086
vn -0.1212 0.4361 0.8917
vn -0.1196 0.6396 0.7593
vn -0.1588 0.5607 0.8126
vn 0.1674 0.9785 -0.1206
vn 0.1212 0.9799 -0.1586
vn 0.1111 0.9809 -0.1596
vn 0.1365 0.9788 -0.1527
vn -0.0664 0.9959 -0.0612
vn -0.0460 0.9967 -0.0675
vn -0.0520 0.9971 -0.0552
vn -0.1365 0.9900 -0.0353
vn -0.1218 0.9916 -0.0431
vn 0.1045 0.9930 -0.0547
vn 0.1040 0.9937 -0.0413
vn 0.0807 0.9952 -0.0551
vn 0.0907 0.9935 -0.0695
vn -0.1916 0.9726 -0.1317
vn -0.1258 0.9792 -0.1591
vn -0.1381 0.9786 -0.1527
vn -0.1162 -0.0003 0.9932
vn -0.1147 -0.0174 0.9933
vn 0.2226 0.0056 0.9749
vn 0.2552 0.0023 0.9669
vn 0.1009 0.0014 0.9949
vn 0.2106 -0.0037 0.9776
vn 0.1875 0.0052 0.9822
vn 0.0585 0.0233 0.9980
vn 0.0621 0.0171 0.9979
vn 0.0956 0.0181 0.9953
vn -0.0735 -0.0381 0.9966
vn -0.0865 -0.0101 0.9962
vn -0.1097 -0.0288 0.9936
vn -0.1013 -0.0500 0.9936
vn -0.0740 -0.0540 0.9958
vn -0.0069 -0.0150 0.9999
vn -0.2039 0.0086 0.9790
vn -0.1718 0.0063 0.9851
vn -0.1521 0.0152 0.9882
vn 0.1078 0.0101 0.9941
vn 0.1536 0.0088 0.9881
vn -0.1402 0.0217 0.9899
vn -0.1072 0.0171 0.9941
vn -0.1948 -0.0482 0.9797
vn -0.2062 0.9783 0.0196
vn -0.2130 0.9762 -0.0400
vn -0.2268 0.9708 0.0784
vn -0.9978 -0.0017 0.0668
vn 1.0000 -0.0000 0.0001
vn -0.1396 0.9816 -0.1300
vn -0.0911 0.9904 -0.1037
vn -0.0752 0.9923 -0.0988
vn -0.1067 0.9919 -0.0689
vn -0.1138 0.9898 -0.0856
vn -0.1441 0.9798 -0.1386
vn -0.1690 0.9763 -0.1351
vn -0.1212 0.9811 -0.1511
vn -0.1008 0.9841 -0.1461
vn 0.1478 0.9862 -0.0743
vn 0.1446 0.9874 -0.0636
vn 0.0610 0.9908 -0.1210
vn 0.0834 0.9894 -0.1186
vn 0.0875 0.9200 0.3820
vn 0.1908 0.2498 0.9493
vn 0.1740 0.4316 0.8851
vn 0.1623 0.2155 0.9629
vn -0.2314 0.2545 0.9390
vn -0.2544 0.1326 0.9580
vn 0.1076 0.3463 0.9319
vn 0.1029 0.1442 0.9842
vn 0.1322 0.2084 0.9691
vn -0.1129 -0.0606 0.9918
vn -0.0545 0.2190 0.9742
vn -0.0704 0.1087 0.9916
vn -0.0421 0.1173 0.9922
vn 0.0329 0.0328 0.9989
vn -0.0018 0.0417 0.9991
vn 0.0128 -0.0094 0.9999
vn -0.2566 0.2264 0.9396
vn -0.1568 0.2122 0.9646
vn -0.1526 0.3595 0.9206
vn 0.2478 0.4255 0.8703
vn 0.2167 0.3455 0.9131
vn 0.2429 0.2234 0.9440
vn 0.2105 0.7862 0.5811
vn 0.2003 0.5932 0.7797
vn 0.2331 0.5483 0.8031
vn 0.1348 0.3812 0.9146
vn 0.1910 0.0124 0.9815
vn -0.2531 0.0100 0.9674
vn -0.2485 0.0135 0.9685
vn -0.2126 0.0195 0.9769
vn 0.0937 0.0287 0.9952
vn 0.1149 0.0252 0.9931
vn 0.0615 0.0274 0.9977
vn -0.2076 0.2059 0.9563
vn -0.2299 0.0017 0.9732
vn 0.1537 0.9770 -0.1478
vn 0.1480 0.9776 -0.1493
vn 0.1366 0.9795 -0.1484
vn 0.1431 0.9874 -0.0675
vn 0.1672 0.9835 -0.0690
vn 0.1468 0.9428 0.2994
vn -0.2033 0.9721 -0.1169
vn -0.1007 0.9816 -0.1622
vn 0.2199 -0.0158 0.9754
vn 0.2476 -0.0304 0.9684
vn 0.2426 -0.0040 0.9701
vn 0.1389 0.0145 0.9902
vn 0.1650 0.0198 0.9861
vn 0.1439 0.0254 0.9893
vn 0.2404 0.0058 0.9707
vn 0.1387 0.9824 -0.1251
vn 0.1556 0.9812 -0.1138
vn 0.0975 0.9856 -0.1379
vn 0.1196 0.9840 -0.1321
vn 0.1299 0.9796 -0.1536
vn 0.1519 0.9776 -0.1457
vn -0.2200 0.0125 0.9754
vn -0.1130 0.9926 -0.0433
vn -0.1232 0.9919 -0.0321
vn -0.1857 0.0185 0.9824
vn -0.1797 0.0161 0.9836
vn -0.1452 0.0231 0.9891
vn -0.1098 0.0258 0.9936
vn -0.1289 0.0072 0.9916
vn -0.0865 0.0067 0.9962
vn -0.1078 -0.0057 0.9942
vn 0.1463 -0.0551 0.9877
vn 0.0883 -0.0510 0.9948
vn 0.0584 -0.0513 0.9970
vn 0.1173 -0.0600 0.9913
vn 0.0165 -0.0509 0.9986
vn 0.0398 -0.0426 0.9983
vn -0.0010 -0.0343 0.9994
vn -0.1554 0.9877 0.0172
vn -0.1815 0.9799 0.0826
vn -0.1366 0.9893 -0.0502
vn 0.0618 0.9861 -0.1541
vn 0.0941 0.9828 -0.1587
vn 0.0859 0.9841 -0.1553
vn 0.0650 0.9923 -0.1053
vn -0.0125 0.9869 -0.1607
vn -0.0057 0.9879 -0.1552
vn -0.0273 0.9872 -0.1572
vn 0.0076 0.9853 -0.1707
vn -0.0014 0.9850 -0.1727
vn 0.0231 0.9844 -0.1745
vn 0.1104 0.9815 -0.1566
vn 0.0197 0.9851 -0.1706
vn 0.0318 0.9856 -0.1661
vn 0.0295 0.9845 -0.1728
vn 0.0479 0.9840 -0.1713
vn -0.1392 0.9894 -0.0418
vn -0.1074 0.9848 -0.1369
vn -0.1725 0.9754 -0.1370
vn 0.1218 0.9907 -0.0607
vn 0.1386 0.9883 -0.0631
vn 0.1514 0.5278 0.8358
vn -0.1701 0.8351 0.5232
vn -0.1442 0.7643 0.6285
vn -0.1404 0.9047 0.4023
vn -0.0843 0.9822 -0.1679
vn -0.0564 0.9830 -0.1746
vn 0.0566 0.9945 -0.0882
vn 0.0664 0.9954 -0.0684
vn 0.0401 0.9956 -0.0842
vn 0.0004 0.9938 -0.1115
vn 0.0142 0.9945 -0.1037
vn -0.0447 0.9958 -0.0805
vn -0.0287 0.9973 -0.0676
vn 0.0264 0.9952 -0.0940
vn 0.0202 0.9966 -0.0797
vn 0.0186 0.9987 -0.0478
vn 0.0154 0.9983 -0.0570
vn 0.2197 0.1923 0.9564
vn -0.2165 0.0173 0.9761
vn -0.2702 0.0078 0.9628
vn -0.1504 0.0207 0.9884
vn -0.1843 0.0168 0.9827
vn -0.1778 0.0197 0.9839
vn 0.0010 0.9972 -0.0752
vn -0.0190 0.9964 -0.0820
vn 0.0068 0.9959 -0.0898
vn 0.0031 0.9988 -0.0498
vn -0.0098 0.9988 -0.0472
vn -0.0168 0.9983 -0.0553
vn -0.2594 0.0281 0.9654
vn 0.2161 0.8893 0.4031
vn -0.1073 0.9840 -0.1420
vn -0.1224 0.9858 -0.1153
vn 0.0856 0.0164 0.9962
vn -0.0377 0.0260 0.9989
vn -0.0880 0.7316 0.6761
vn -0.0690 0.8669 0.4938
vn -0.1067 0.8419 0.5290
vn 0.0113 0.9999 -0.0057
vn -0.0152 0.9997 0.0213
vn 0.0042 0.9943 0.1070
vn 0.0909 0.9820 -0.1658
vn 0.1065 0.9901 -0.0918
vn 0.0985 0.9862 -0.1330
vn 0.0753 0.9904 -0.1159
vn 0.0658 0.9841 -0.1649
vn 0.0700 0.9833 -0.1680
vn -0.0498 0.9843 -0.1696
vn -0.0316 0.9842 -0.1741
vn -0.0312 0.9909 0.1310
vn -0.0409 0.9491 0.3123
vn -0.0152 0.9672 0.2535
vn -0.0341 0.9884 -0.1480
vn -0.0290 0.9912 -0.1290
vn 0.1628 0.6903 0.7049
vn 0.0597 0.9920 -0.1116
vn 0.0394 0.9897 -0.1373
vn 0.0323 0.9940 -0.1048
vn -0.0034 0.9982 -0.0597
vn 0.0343 0.9971 0.0685
vn 0.0121 0.9664 0.2567
vn 0.0247 0.9137 0.4057
vn 0.0364 0.9786 0.2025
vn -0.0106 0.8090 0.5878
vn -0.0008 0.9071 0.4209
vn -0.0370 0.8438 0.5354
vn -0.0123 0.4911 0.8710
vn 0.0307 0.6004 0.7991
vn 0.0015 0.6686 0.7436
vn 0.2139 0.0152 0.9767
vn -0.1422 0.9855 -0.0931
vn -0.1119 0.9912 -0.0703
vn 0.0225 0.9974 -0.0678
vn 0.0354 0.9868 -0.1578
vn -0.0129 0.9840 -0.1776
vn -0.1131 0.9803 -0.1618
vn 0.0068 0.9852 -0.1715
vn 0.0235 0.9843 -0.1751
vn 0.0056 0.9841 -0.1775
vn -0.0367 0.9848 -0.1695
vn -0.0138 0.9852 -0.1711
vn -0.0238 0.9858 -0.1660
vn -0.2206 0.0136 0.9753
vn -0.2569 0.0075 0.9664
vn 0.0552 0.1013 0.9933
vn 0.0344 0.2172 0.9755
vn 0.0234 0.1027 0.9944
vn 0.0732 0.2083 0.9753
vn -0.0204 0.2097 0.9776
vn -0.0940 -0.0536 0.9941
vn -0.1099 -0.0492 0.9927
vn -0.0761 -0.0461 0.9960
vn -0.0947 -0.0337 0.9949
vn -0.1292 -0.0366 0.9909
vn -0.0569 -0.0538 0.9969
vn -0.1147 -0.0174 0.9932
vn -0.0786 -0.0088 0.9969
vn 0.1789 0.7728 0.6089
vn 0.1485 0.8578 0.4920
vn 0.1010 -0.0433 0.9939
vn 0.1805 0.0010 0.9836
vn -0.0114 -0.0108 0.9999
vn 0.0340 0.0224 0.9992
vn -0.1233 0.2688 0.9553
vn -0.0838 0.2126 0.9735
vn -0.1021 0.1040 0.9893
vn -0.1296 0.1479 0.9805
vn -0.1300 0.0561 0.9899
vn -0.0138 0.1097 0.9939
vn 0.0084 0.1851 0.9827
vn 0.0482 0.8704 0.4900
vn 0.0258 0.7911 0.6111
vn -0.0919 0.9559 0.2788
vn -0.0457 0.9852 -0.1655
vn -0.0825 0.9839 -0.1585
vn -0.0541 0.9860 -0.1575
vn -0.0700 0.9868 -0.1461
vn -0.0441 0.9880 -0.1477
vn -0.0257 0.9927 -0.1179
vn -0.0079 0.9919 -0.1269
vn -0.0600 0.9942 -0.0888
vn -0.0427 0.9946 -0.0950
vn -0.1222 0.0094 0.9925
vn -0.0746 0.0286 0.9968
vn 0.0233 0.0190 0.9995
vn -0.0646 0.0255 0.9976
vn -0.0978 0.0234 0.9949
vn -0.0025 0.0278 0.9996
vn 0.0424 0.0291 0.9987
vn 0.0106 0.0283 0.9995
vn 0.0164 -0.0020 0.9999
vn -0.0182 0.0029 0.9998
vn 0.0116 0.0138 0.9998
vn -0.1090 0.0235 0.9938
vn -0.1012 0.0201 0.9947
vn 0.1283 -0.0427 0.9908
vn 0.0907 -0.0338 0.9953
vn 0.0921 -0.0254 0.9954
vn 0.0451 -0.0117 0.9989
vn 0.0662 -0.0411 0.9970
vn -0.0216 -0.0124 0.9997
vn -0.0533 -0.0100 0.9985
vn -0.0400 -0.0364 0.9985
vn -0.0684 0.0347 0.9971
vn -0.1086 0.0151 0.9940
vn 0.0927 0.5759 0.8123
vn 0.0518 0.6501 0.7581
vn 0.0293 0.4111 0.9111
vn 0.0536 0.3788 0.9239
vn -0.0333 0.9861 -0.1627
vn -0.0347 0.9901 -0.1362
vn -0.2561 -0.0154 0.9665
vn -0.2222 -0.0046 0.9750
vn -0.1910 -0.0086 0.9815
vn -0.1381 0.0147 0.9903
vn -0.1657 0.0004 0.9862
vn -0.1784 0.0078 0.9839
vn -0.0387 0.9861 -0.1616
vn -0.0576 0.9869 -0.1510
vn -0.1359 -0.0293 0.9903
vn 0.0818 0.0275 0.9963
vn 0.0434 0.0280 0.9987
vn 0.0135 0.0265 0.9996
vn -0.0313 0.0250 0.9992
vn -0.0216 0.0197 0.9996
vn -0.0843 -0.0057 0.9964
vn -0.0599 -0.0125 0.9981
vn -0.0801 0.0078 0.9968
vn -0.1636 0.0381 0.9858
vn -0.1469 0.0003 0.9891
vn 0.1923 0.0201 0.9811
vn 0.1930 0.0191 0.9810
vn 0.1557 0.0215 0.9876
vn 0.2418 0.0067 0.9703
vn 0.2607 -0.0002 0.9654
vn 0.1475 0.0048 0.9890
vn 0.0548 0.0030 0.9985
vn -0.0056 0.0213 0.9998
vn -0.0654 0.0194 0.9977
vn 0.0087 0.9868 -0.1617
vn 0.0157 0.9882 -0.1523
vn 0.0134 0.9902 -0.1392
vn 0.0038 0.9888 -0.1490
vn 0.0500 0.9846 -0.1674
vn -0.0022 0.9859 -0.1673
vn 0.0567 0.9837 -0.1704
vn 0.0440 0.9836 -0.1752
vn -0.0273 0.9981 -0.0554
vn -0.0163 0.9947 -0.1013
vn -0.0414 0.9949 -0.0915
vn 0.0077 0.9945 -0.1043
vn 0.0400 0.9991 -0.0147
vn 0.0727 0.9959 0.0530
vn -0.0525 0.9902 -0.1291
vn -0.0619 0.9947 -0.0822
vn -0.0506 0.9961 0.0716
vn -0.0638 0.9847 0.1623
vn -0.0633 0.9980 -0.0052
vn -0.0669 0.9470 0.3143
vn -0.0123 0.9848 -0.1733
vn 0.2564 0.0256 0.9662
vn -0.0931 0.9954 -0.0242
vn -0.0873 0.9919 -0.0923
vn -0.0745 0.9883 -0.1331
vn 0.0901 0.0101 0.9959
vn -0.0204 0.0326 0.9993
vn 0.0663 0.9868 -0.1474
vn 0.0461 0.9854 -0.1639
vn -0.0399 0.0289 0.9988
vn -0.0376 0.9993 0.0035
vn -0.1229 0.9922 -0.0199
vn -0.1124 0.9362 0.3330
vn -0.1808 0.1681 0.9690
vn -0.1913 0.7838 0.5909
vn -0.0447 -0.0515 0.9977
vn -0.0255 -0.0567 0.9981
vn -0.0144 -0.0484 0.9987
vn -0.0634 0.0204 0.9978
vn -0.0246 0.0160 0.9996
vn -0.0505 0.0080 0.9987
vn 0.0437 -0.0116 0.9990
vn -0.2547 0.0001 0.9670
vn -0.2696 -0.0022 0.9630
vn 0.0972 0.9867 -0.1303
vn 0.0787 0.9859 -0.1477
vn 0.0907 0.9902 -0.1058
vn 0.0331 0.9902 -0.1360
vn 0.1027 0.9898 -0.0988
vn 0.1165 0.9898 -0.0826
vn 0.1239 0.9896 -0.0725
vn 0.1102 0.9915 -0.0687
vn 0.0718 0.9963 -0.0464
vn 0.0580 0.9972 -0.0466
vn 0.0433 0.9974 -0.0572
vn 0.0296 0.9978 -0.0601
vn 0.1042 0.9934 -0.0490
vn 0.0967 0.9939 -0.0529
vn 0.0899 0.9949 -0.0461
vn 0.1025 0.9944 -0.0253
vn 0.0343 0.9965 -0.0759
vn 0.0205 0.9977 -0.0653
vn 0.0438 0.9942 -0.0982
vn 0.0398 0.9974 -0.0603
vn 0.0694 0.9967 -0.0429
vn 0.0138 0.9987 -0.0495
vn 0.0038 0.9980 -0.0638
vn -0.0059 0.9951 -0.0985
vn -0.0305 0.9978 -0.0587
vn -0.0092 0.9976 -0.0687
vn -0.0670 0.9965 -0.0507
vn -0.0681 0.9967 -0.0440
vn -0.0568 0.9970 -0.0534
vn -0.0445 0.9975 -0.0552
vn -0.1086 0.9926 -0.0537
vn -0.0869 0.9943 -0.0616
vn -0.0631 0.9951 -0.0755
vn -0.0702 0.9966 -0.0420
vn -0.0242 0.9948 -0.0994
vn -0.1236 0.9905 -0.0598
vn -0.0404 0.9937 -0.1044
vn -0.0512 0.9922 -0.1137
vn -0.1063 0.9890 -0.1033
vn -0.1267 0.9872 -0.0970
vn -0.1009 0.9867 -0.1274
vn 0.1409 0.9885 -0.0542
vn 0.1353 0.9899 -0.0420
vn 0.0484 0.9928 -0.1100
vn -0.0096 0.9903 -0.1386
vn -0.0183 0.9888 -0.1482
vn 0.0488 0.9963 -0.0705
vn 0.1256 0.9874 -0.0968
vn 0.0808 0.9958 -0.0422
vn 0.0621 0.9833 -0.1711
vn 0.0995 0.9813 -0.1649
vn -0.2601 -0.0133 0.9655
vn 0.1499 0.9834 -0.1022
vn 0.2030 0.9761 -0.0776
vn 0.2013 0.9747 -0.0973
vn 0.0728 0.9838 -0.1639
vn 0.0784 0.9821 -0.1712
vn 0.1871 0.9732 -0.1335
vn 0.1735 0.9763 -0.1294
vn 0.1320 0.9801 -0.1483
vn 0.1713 0.9772 -0.1255
vn 0.1643 0.9799 -0.1128
vn 0.1913 0.9729 -0.1296
vn 0.1602 0.9814 -0.1055
vn 0.1560 0.9830 -0.0963
vn 0.1512 0.9849 -0.0844
vn -0.0289 0.9852 -0.1691
vn -0.0164 0.9876 -0.1562
vn -0.0239 0.9844 -0.1745
vn -0.0588 0.9843 -0.1665
vn -0.1239 0.9816 -0.1455
vn -0.1388 0.9784 -0.1533
vn -0.1833 0.9741 -0.1327
vn -0.1857 0.9737 -0.1323
vn -0.1982 0.9722 -0.1243
vn -0.2070 0.9734 -0.0986
vn -0.2109 0.9745 -0.0768
vn -0.0926 0.9890 -0.1156
vn -0.1371 0.9849 -0.1060
vn 0.0310 0.9934 -0.1100
vn -0.0571 0.9931 -0.1019
vn -0.1738 0.9767 -0.1256
vn -0.1547 0.9844 -0.0839
vn -0.1483 0.9869 -0.0632
vn -0.0902 0.9918 -0.0910
vn -0.0949 0.9926 -0.0752
vn -0.0764 0.9936 -0.0830
vn -0.1106 0.9930 -0.0418
vn 0.2222 -0.0330 0.9744
vn 0.2572 -0.0396 0.9655
vn 0.2525 -0.0101 0.9676
vn -0.0348 0.0399 0.9986
vn -0.1840 0.9829 -0.0073
vn -0.2358 0.9326 0.2731
vn -0.2161 0.9170 0.3354
vn -0.2206 0.9524 0.2105
vn -0.2095 0.9708 0.1166
vn -0.2328 0.9593 0.1601
vn -0.0604 0.6924 0.7190
vn -0.0300 0.6729 0.7391
vn -0.0427 0.4996 0.8652
vn 0.0016 0.3209 0.9471
vn -0.0313 0.3324 0.9426
vn -0.0975 0.9873 -0.1258
vn -0.1295 -0.0604 0.9897
vn -0.1397 -0.0069 0.9902
vn -0.0396 -0.0016 0.9992
vn -0.1346 -0.0528 0.9895
vn 0.0857 0.3727 0.9240
vn 0.0271 0.9974 -0.0666
vn -0.0052 0.9989 -0.0468
vn -0.0369 0.9969 -0.0690
vn -0.1093 0.9924 -0.0561
vn -0.1027 0.9932 -0.0553
vn 0.0695 0.9800 0.1862
vn 0.0671 0.7278 0.6825
vn 0.0578 0.9483 0.3122
vn 0.0628 0.8586 0.5087
vn 0.1788 0.8884 0.4227
vn 0.2314 0.7694 0.5954
vn 0.2338 0.8819 0.4095
vn 0.2283 0.9333 0.2773
vn 0.2249 0.9709 0.0819
vn 0.2170 0.9762 0.0056
vn 0.2079 0.9774 -0.0376
vn 0.2299 0.5987 0.7673
vn -0.1820 0.0194 0.9831
vn -0.1336 0.0260 0.9907
vn -0.2355 0.8847 0.4023
vn -0.1787 0.9753 -0.1298
vn -0.1819 0.9745 -0.1314
vn 0.1023 0.9927 -0.0641
vn -0.1066 0.9940 -0.0254
vn -0.0718 0.9836 0.1653
vn -0.0666 0.9931 0.0969
vn -0.0940 0.9854 0.1421
vn -0.9774 0.2079 -0.0374
vn -0.7964 0.6030 0.0450
vn -0.9157 0.4003 0.0351
vn -0.9898 0.1383 -0.0332
vn -0.9016 0.3902 0.1865
vn -0.9733 0.1874 0.1327
vn -0.0644 0.9954 0.0702
vn -0.6476 0.7612 -0.0338
vn -0.5054 0.8613 -0.0524
vn -0.4352 0.9003 -0.0039
vn -0.7871 0.6130 -0.0693
vn -0.9297 0.3638 -0.0570
vn -0.8924 -0.4475 -0.0578
vn -0.9962 -0.0691 -0.0533
vn -0.9981 0.0086 -0.0613
vn -0.0044 0.9921 -0.1250
vn 0.0262 0.9935 -0.1107
vn -0.0409 0.9950 -0.0910
vn -0.6263 0.7791 0.0257
vn -0.8836 0.4678 -0.0198
vn -0.5119 -0.5271 -0.6783
vn -0.5351 -0.5124 -0.6716
vn -0.5217 -0.5210 -0.6756
vn -0.5868 0.0431 0.8086
vn -0.4646 0.0865 0.8813
vn -0.4466 0.0371 0.8939
vn -0.9626 0.2700 -0.0239
vn -0.9612 0.2749 -0.0248
vn -0.9557 0.2935 -0.0212
vn -0.7047 0.7088 -0.0312
vn -0.7877 0.6154 -0.0271
vn -0.6046 0.7960 -0.0296
vn -0.9586 0.0519 -0.2801
vn -0.9908 0.0438 -0.1278
vn -0.9967 0.0515 0.0621
vn -0.7177 0.0872 0.6909
vn -0.8255 0.0452 0.5627
vn -0.8479 0.0569 0.5272
vn -0.0327 0.9962 -0.0813
vn -0.0483 0.9949 -0.0887
vn 0.0351 0.9986 -0.0401
vn -0.1249 0.0211 0.9920
vn -0.1192 0.0316 0.9924
vn -0.3023 0.0570 0.9515
vn -0.0633 0.9874 -0.1449
vn -0.0932 0.9858 -0.1400
vn -0.1532 0.9797 -0.1291
vn -0.3420 -0.9361 0.0818
vn -0.4557 -0.8884 0.0557
vn -0.2533 -0.9653 0.0637
vn -0.6110 0.5881 0.5300
vn -0.6962 0.6327 0.3390
vn -0.5431 0.7519 0.3737
vn -0.3465 -0.9318 0.1078
vn -0.4896 -0.8667 0.0957
vn -0.5379 -0.8381 0.0908
vn -0.1388 0.7540 0.6421
vn -0.1738 0.7007 0.6920
vn -0.2935 0.7013 0.6496
vn -0.3009 0.9474 -0.1087
vn -0.3203 0.9440 -0.0793
vn -0.5237 0.8471 -0.0898
vn -0.4599 0.8864 0.0525
vn -0.2926 -0.9553 0.0416
vn -0.4640 -0.8854 0.0270
vn -0.4754 -0.8788 0.0404
vn -0.8977 0.4318 -0.0877
vn -0.9093 0.4073 -0.0847
vn -0.9973 0.0587 -0.0444
vn -0.0114 0.9927 -0.1199
vn 0.0167 0.9922 -0.1234
vn -0.1764 0.9761 -0.1274
vn -0.5355 0.8439 -0.0342
vn -0.5084 0.8600 -0.0429
vn -0.6916 0.7214 -0.0373
vn -0.0880 0.9298 0.3575
vn -0.0089 0.9636 0.2673
vn -0.1198 0.9177 0.3787
vn -0.8625 0.5055 -0.0224
vn -0.9962 -0.0844 -0.0234
vn -0.8660 -0.4995 0.0221
vn -0.9614 -0.2750 -0.0044
vn -0.9016 0.4309 -0.0385
vn -0.9129 0.4049 -0.0522
vn -0.9669 0.2525 -0.0378
vn -0.0420 0.9982 -0.0428
vn -0.1939 0.9804 -0.0357
vn -0.1826 0.9828 -0.0286
vn -0.1547 0.9812 -0.1158
vn -0.9670 -0.2547 -0.0025
vn -0.9883 0.1492 -0.0311
vn -0.9955 0.0915 -0.0241
vn -0.8769 0.4716 -0.0931
vn -0.9473 0.3101 -0.0804
vn -0.9982 0.0403 -0.0436
vn -0.1149 0.9836 -0.1387
vn -0.0975 0.9850 -0.1421
vn -0.9736 0.0434 0.2240
vn -0.9163 0.0483 0.3975
vn -0.6151 -0.7884 0.0082
vn -0.7352 -0.6778 0.0094
vn -0.4643 -0.8856 0.0116
vn -0.9806 -0.1955 -0.0135
vn -0.9923 -0.1230 -0.0121
vn -0.9789 -0.2037 -0.0149
vn -0.1608 0.9858 -0.0488
vn -0.3511 0.9340 -0.0666
vn -0.5224 0.8513 -0.0497
vn -0.1156 0.9181 0.3792
vn -0.9912 0.1219 -0.0506
vn -0.8493 0.5211 -0.0847
vn -0.9770 0.2040 -0.0614
vn -0.7271 0.6749 -0.1261
vn -0.5586 0.8189 -0.1318
vn -0.6738 0.7281 -0.1257
vn -0.8283 0.5528 -0.0913
vn -0.9626 0.2638 -0.0620
vn -0.9996 0.0057 -0.0261
vn -0.9439 -0.1475 -0.2956
vn -0.8493 -0.3542 -0.3914
vn -0.8839 -0.3683 -0.2882
vn -0.9993 -0.0050 -0.0366
vn -0.8670 -0.4972 0.0318
vn -0.9798 -0.1996 -0.0107
vn -0.2636 0.2334 0.9360
vn 0.0053 0.1344 0.9909
vn -0.8785 -0.0152 -0.4775
vn -0.8817 0.0339 -0.4705
vn -0.8204 0.0049 -0.5717
vn 0.0724 0.0353 0.9968
vn -0.8046 0.0431 -0.5923
vn -0.7444 -0.6648 0.0619
vn -0.4773 -0.8730 0.1006
vn -0.8676 -0.4494 -0.2127
vn -0.7705 -0.5571 -0.3097
vn -0.4809 -0.8488 -0.2198
vn -0.9117 -0.4101 -0.0240
vn -0.9891 0.0485 -0.1388
vn -0.6890 0.0342 -0.7239
vn -0.3375 -0.9412 0.0123
vn -0.2653 -0.9640 0.0184
vn -0.3908 -0.9204 0.0146
vn -0.3457 -0.9320 0.1091
vn -0.5430 -0.8353 0.0864
vn -0.1584 0.9769 -0.1434
vn -0.1057 0.9837 -0.1456
vn -0.3363 0.9304 -0.1459
vn -0.3988 -0.0047 -0.9170
vn -0.3666 -0.0027 -0.9304
vn -0.3739 -0.0110 -0.9274
vn -0.1231 0.9921 -0.0256
vn 0.0172 0.9995 -0.0260
vn -0.9618 0.2721 -0.0302
vn -0.3326 -0.9413 0.0578
vn -0.5490 -0.8344 0.0486
vn -0.3868 -0.9199 0.0648
vn -0.6550 -0.7529 0.0645
vn -0.4487 -0.8894 0.0874
vn -0.5680 -0.8228 0.0208
vn -0.3275 -0.9446 0.0199
vn -0.9932 -0.0271 -0.1133
vn -0.9679 -0.2275 -0.1072
vn 0.0067 0.9991 -0.0410
vn -0.0946 0.9933 -0.0666
vn -0.2860 -0.9449 -0.1592
vn -0.4058 -0.9057 -0.1225
vn -0.5968 -0.7939 -0.1164
vn -0.7709 -0.0661 -0.6335
vn -0.8177 -0.1298 -0.5608
vn 0.0067 0.9996 -0.0268
vn -0.9999 0.0065 -0.0147
vn -0.5734 -0.8156 0.0774
vn -0.3430 -0.9350 0.0904
vn -0.5127 -0.8556 0.0710
vn -0.9638 0.2656 -0.0255
vn -0.9639 0.2650 -0.0255
vn -0.6998 0.7044 -0.1188
vn -0.5720 0.8112 -0.1217
vn -0.5807 0.8032 -0.1330
vn -0.7987 -0.6018 0.0010
vn -0.8439 -0.5366 -0.0031
vn -0.3778 0.9255 -0.0260
vn -0.8693 -0.4943 -0.0032
vn -0.5762 -0.8153 0.0574
vn -0.3507 -0.9327 0.0840
vn -0.6528 0.3486 0.6725
vn -0.8225 0.2324 0.5191
vn -0.7740 0.4431 0.4523
vn -0.5164 -0.8529 0.0772
vn -0.8375 -0.5457 0.0274
vn -0.9804 0.0241 -0.1953
vn -0.9742 0.1243 0.1884
vn -0.7693 -0.6380 0.0321
vn -0.4504 -0.8921 0.0375
vn -0.7503 -0.6608 0.0198
vn -0.7375 -0.6752 0.0128
vn -0.8363 -0.5465 0.0452
vn -0.7584 -0.6491 0.0592
vn -0.9597 -0.2810 0.0058
vn -0.7611 -0.6472 0.0430
vn -0.4245 0.1638 0.8905
vn -0.9735 0.0772 0.2154
vn -0.5035 -0.0508 -0.8625
vn -0.4873 -0.0459 -0.8720
vn -0.8365 0.1253 0.5334
vn -0.7717 -0.6333 0.0584
vn -0.7669 -0.6403 0.0432
vn -0.4834 -0.8716 0.0814
vn -0.8715 -0.1771 -0.4573
vn -0.9646 -0.0171 -0.2631
vn -0.7774 0.6198 -0.1073
vn -0.9779 0.2033 -0.0491
vn -0.8276 0.5546 -0.0869
vn -0.9856 0.1621 -0.0492
vn -0.2012 0.4933 0.8463
vn -0.2446 0.2870 0.9262
vn -0.3078 0.3810 0.8719
vn -0.7180 -0.6959 -0.0128
vn -0.6120 0.7803 -0.1292
vn -0.7995 0.5896 -0.1146
vn -0.8908 0.4451 -0.0914
vn -0.3690 -0.9294 0.0084
vn -0.5132 -0.8573 -0.0408
vn -0.8083 0.5801 -0.1004
vn -0.7066 0.6958 -0.1292
vn -0.7530 0.6480 -0.1141
vn -0.9266 -0.3757 0.0178
vn -0.9933 -0.1149 -0.0144
vn -0.9364 -0.3507 0.0098
vn -0.9848 -0.1732 -0.0113
vn -0.8549 -0.5180 0.0299
vn -0.3641 -0.9307 0.0348
vn -0.7604 -0.6490 0.0247
vn -0.7348 -0.6781 0.0140
vn -0.8874 -0.4538 -0.0815
vn -0.9337 -0.3579 0.0061
vn -0.9635 -0.2668 -0.0221
vn -0.9619 -0.2734 -0.0067
vn -0.3468 0.9339 -0.0866
vn -0.2873 0.9534 -0.0921
vn -0.5173 0.8510 -0.0906
vn -0.9842 0.1669 -0.0584
vn -0.4727 0.8707 -0.1356
vn -0.9495 -0.3134 0.0144
vn -0.9896 -0.1435 -0.0136
vn -0.9585 0.2755 -0.0728
vn -0.8785 -0.4762 0.0372
vn -0.9620 -0.2731 -0.0028
vn -0.9627 -0.2706 -0.0033
vn -0.9626 -0.2708 -0.0033
vn -0.9602 -0.2793 -0.0041
vn -0.5837 0.8097 -0.0608
vn -0.0417 0.9982 -0.0428
vn -0.6754 0.7360 -0.0448
vn -0.1278 0.9888 -0.0774
vn -0.3568 0.9316 -0.0686
vn -0.5523 0.8303 -0.0745
vn -0.8803 0.4712 -0.0548
vn -0.9738 0.2246 -0.0361
vn -0.8350 0.5461 -0.0675
vn -0.9360 0.3482 -0.0520
vn -0.0859 0.9925 -0.0868
vn -0.3153 0.9423 -0.1125
vn -0.1465 0.9831 -0.1102
vn -0.7295 0.6782 -0.0884
vn -0.6717 0.7343 -0.0986
vn -0.6911 0.1827 0.6993
vn -0.1921 0.6489 0.7362
vn -0.6393 0.7240 0.2591
vn -0.9741 0.2253 -0.0189
vn -0.8439 0.5147 0.1513
vn -0.4444 0.8522 0.2764
vn -0.1071 0.6796 0.7257
vn -0.6125 0.7767 0.1467
vn -0.1125 0.9193 0.3771
vn -0.4256 -0.3121 -0.8494
vn -0.1082 -0.5738 -0.8118
vn -0.7203 -0.2349 -0.6527
vn -0.6926 -0.1653 -0.7021
vn -0.9878 -0.0236 -0.1540
vn -0.4195 -0.7773 -0.4689
vn -0.2983 -0.8064 -0.5106
vn -0.2384 -0.8353 -0.4955
vn 0.0979 0.4078 0.9078
vn -0.7559 -0.6342 -0.1628
vn -0.1445 0.6494 0.7466
vn -0.1458 0.6488 0.7468
vn -0.1845 0.2574 0.9485
vn -0.1796 0.2558 0.9499
vn -0.1649 0.5083 0.8453
vn -0.2200 -0.2045 -0.9538
vn -0.2255 -0.2071 -0.9520
vn -0.1964 -0.1979 -0.9604
vn -0.5078 -0.5296 -0.6794
vn -0.6433 -0.7621 0.0736
vn -0.4739 0.8751 -0.0982
vn -0.3301 0.9363 -0.1199
vn -0.6648 0.7387 -0.1113
vn -0.4054 -0.9098 0.0890
vn -0.3402 -0.9331 0.1166
vn -0.3627 -0.9252 0.1115
vn -0.4253 -0.8983 0.1101
vn -0.3517 -0.9297 0.1091
vn -0.9972 0.0637 -0.0405
vn -0.1026 0.9855 -0.1352
vn -0.0780 0.9877 -0.1352
vn -0.0561 0.9889 -0.1379
vn -0.3670 0.9223 -0.1209
vn -0.3737 -0.9211 0.1091
vn -0.7683 -0.6392 0.0321
vn -0.4851 0.8670 -0.1138
vn -0.4768 0.8696 -0.1285
vn -0.2888 0.9490 -0.1265
vn -0.2209 -0.9750 -0.0241
vn -0.5113 0.8554 0.0834
vn -0.1815 -0.9652 -0.1882
vn -0.4574 -0.8298 -0.3198
vn -0.3741 0.9155 0.1480
vn 0.0043 0.9900 -0.1412
vn -0.0811 0.9845 -0.1554
vn -0.1108 0.9938 -0.0063
vn -0.1307 0.9914 -0.0083
vn -0.0070 0.9920 -0.1259
vn -0.0071 0.9919 -0.1265
vn -0.0213 0.9918 -0.1257
vn -0.4932 -0.8688 0.0440
vn -0.3500 -0.9355 0.0491
vn -0.3499 -0.9327 0.0878
vn -0.0612 0.9938 -0.0924
vn -0.9676 -0.2524 -0.0093
vn -0.4032 -0.0052 -0.9151
vn -0.3394 0.9317 -0.1293
vn -0.6675 0.7369 -0.1073
vn 0.0314 0.9935 -0.1094
vn -0.4582 -0.7716 -0.4413
vn -0.2107 -0.8602 -0.4644
vn -0.1603 -0.2105 -0.9644
vn -0.1541 -0.2135 -0.9647
vn -0.8398 -0.5428 0.0031
vn 0.5049 -0.0492 -0.8618
vn 0.4884 -0.0445 -0.8715
vn 0.3761 -0.0115 -0.9265
vn 0.4247 -0.3154 -0.8487
vn 0.9263 0.3749 -0.0384
vn 0.9994 0.0226 -0.0266
vn 0.9984 0.0449 -0.0338
vn 0.4761 -0.8789 0.0281
vn 0.3276 -0.9444 0.0290
vn 0.3829 -0.9234 0.0270
vn 0.6123 -0.7903 0.0236
vn 0.7482 -0.6633 0.0119
vn 0.5836 -0.8094 0.0660
vn 0.4460 -0.8932 0.0572
vn 0.6670 -0.7448 0.0201
vn 0.5771 -0.8164 -0.0209
vn 0.5744 -0.8163 -0.0612
vn 0.8681 -0.4929 -0.0584
vn 0.4084 0.8478 0.3384
vn 0.7090 0.6843 0.1705
vn 0.7425 0.6134 0.2693
vn 0.7712 -0.0567 -0.6341
vn 0.8010 0.0227 -0.5983
vn 0.8780 -0.0029 -0.4787
vn 0.8185 0.2667 0.5089
vn 0.9714 0.1533 0.1815
vn 0.8407 0.1428 0.5223
vn 0.9577 0.0613 -0.2810
vn 0.8943 0.0308 -0.4463
vn 0.8061 0.0480 -0.5899
vn 0.9923 0.0912 -0.0844
vn 0.9432 0.3317 -0.0188
vn 0.8404 0.5417 0.0166
vn 0.9934 -0.0872 -0.0744
vn 0.9154 0.3956 -0.0748
vn 0.9947 -0.0794 -0.0658
vn 0.9910 0.0622 -0.1189
vn 0.9957 0.0669 0.0638
vn 0.9725 0.0598 0.2249
vn 0.6903 0.0402 -0.7224
vn 0.9548 -0.2954 -0.0317
vn 0.8667 -0.4987 0.0079
vn 0.9420 -0.3051 -0.1399
vn 0.7611 -0.5876 -0.2746
vn 0.9712 -0.1657 -0.1714
vn 0.3685 -0.0031 -0.9296
vn 0.3999 -0.0046 -0.9166
vn 0.1744 0.9731 -0.1503
vn 0.1463 0.9789 -0.1428
vn 0.4958 0.8569 -0.1409
vn 0.1992 -0.9625 -0.1842
vn 0.1976 -0.9627 -0.1847
vn 0.1861 -0.9646 -0.1870
vn 0.4180 -0.9047 -0.0827
vn 0.6765 -0.7258 -0.1248
vn 0.9338 0.3544 -0.0494
vn 0.4197 -0.9065 0.0462
vn 0.4171 -0.9084 0.0278
vn 0.5682 0.1974 0.7989
vn 0.3649 0.1051 0.9251
vn 0.2890 0.2608 0.9211
vn 0.8864 -0.4629 0.0090
vn 0.6129 -0.7889 0.0441
vn 0.5792 -0.8133 0.0557
vn 0.3257 -0.9408 0.0934
vn 0.5612 -0.8241 0.0774
vn 0.4850 -0.8712 0.0765
vn 0.3372 -0.9412 -0.0230
vn 0.7553 -0.6553 0.0018
vn 0.7490 -0.6625 0.0089
vn 0.9656 -0.2597 -0.0107
vn 0.6186 -0.7857 0.0058
vn 0.3948 -0.9187 0.0133
vn 0.4678 -0.8838 0.0100
vn 0.9930 -0.1166 -0.0190
vn 0.9276 -0.3733 -0.0123
vn 0.9701 -0.2419 -0.0177
vn 0.5278 -0.8446 0.0899
vn 0.3552 -0.9292 0.1025
vn 0.9704 -0.2408 -0.0162
vn 0.8240 -0.5655 0.0359
vn 0.8073 -0.5890 0.0370
vn 0.3027 -0.9526 0.0298
vn 0.4591 -0.8882 0.0176
vn 0.9818 0.1769 -0.0694
vn 0.9784 -0.2056 -0.0206
vn 0.9829 0.1677 -0.0761
vn 0.8358 0.0922 0.5413
vn 0.9147 0.0646 0.3990
vn 0.8449 0.5325 -0.0506
vn 0.8023 -0.5970 -0.0050
vn 0.9623 -0.2715 -0.0138
vn 0.9985 -0.0479 -0.0268
vn 0.8163 -0.1184 -0.5653
vn 0.9784 0.0483 -0.2008
vn 0.9622 0.0061 -0.2723
vn 0.3741 0.9270 -0.0280
vn 0.4988 0.8659 -0.0376
vn 0.1690 0.9852 -0.0299
vn 0.8309 0.5526 -0.0660
vn 0.9872 0.1549 -0.0382
vn 0.2812 0.9585 -0.0472
vn 0.0831 0.9958 -0.0374
vn 0.2708 0.9620 -0.0357
vn 0.2558 0.9626 -0.0894
vn 0.6117 0.7859 -0.0909
vn 0.5047 -0.8579 0.0961
vn 0.3415 -0.9333 0.1113
vn 0.4827 -0.8708 0.0935
vn 0.3414 -0.9334 0.1105
vn 0.4790 -0.8726 0.0958
vn 0.7871 0.6160 -0.0336
vn 0.9192 0.3928 -0.0271
vn 0.9666 0.2542 -0.0318
vn 0.9311 -0.1444 -0.3349
vn 0.8310 -0.3581 -0.4257
vn 0.8564 -0.1702 -0.4875
vn 0.4785 -0.7013 -0.5284
vn 0.6190 0.0524 0.7837
vn 0.5830 0.0455 0.8112
vn 0.9202 0.3857 -0.0664
vn 0.6721 0.7353 -0.0874
vn 0.1157 0.0403 0.9925
vn 0.1431 0.0590 0.9879
vn 0.2731 0.0406 0.9611
vn 0.1237 0.0297 0.9919
vn 0.9479 -0.3186 0.0019
vn 0.9716 -0.2364 -0.0119
vn 0.8123 -0.5817 0.0410
vn 0.4905 0.4039 0.7722
vn 0.4869 0.8616 -0.1433
vn 0.7345 0.6677 -0.1207
vn 0.8329 0.5420 -0.1120
vn 0.9813 0.1837 -0.0582
vn 0.9866 0.1531 -0.0560
vn 0.9603 -0.2788 -0.0084
vn 0.0221 0.9981 -0.0571
vn 0.1513 0.9872 -0.0508
vn 0.1695 0.9833 -0.0668
vn 0.5061 0.8562 -0.1039
vn 0.9560 -0.2934 -0.0059
vn 0.8887 -0.4585 0.0043
vn 0.9974 -0.0507 -0.0510
vn 0.0574 0.9936 -0.0972
vn 0.1682 0.9801 -0.1057
vn 0.1453 0.9787 -0.1449
vn 0.1247 0.9811 -0.1478
vn 0.4743 0.8681 -0.1464
vn 0.9910 0.1159 -0.0669
vn 0.8152 0.5677 -0.1148
vn 0.8075 0.5835 -0.0867
vn 0.9834 0.1657 -0.0742
vn 0.9788 -0.0398 -0.2007
vn 0.8533 -0.4022 -0.3317
vn 0.4944 0.8659 0.0762
vn 0.6274 0.7701 0.1157
vn 0.5409 0.8309 -0.1302
vn 0.7559 -0.6527 0.0518
vn 0.9364 -0.3510 0.0011
vn 0.1323 0.7899 0.5988
vn 0.1705 0.7359 0.6553
vn 0.0940 0.7107 0.6972
vn 0.9205 0.3797 -0.0920
vn 0.9905 0.1246 -0.0584
vn 0.9947 0.0823 -0.0616
vn -0.0050 0.9898 -0.1421
vn 0.9898 0.1402 -0.0252
vn 0.0347 0.9915 -0.1253
vn -0.0177 0.9937 -0.1110
vn 0.2012 0.9718 -0.1233
vn 0.9702 0.2131 0.1155
vn 0.7001 0.7128 -0.0426
vn 0.6006 0.7990 -0.0305
vn 0.7226 0.0546 0.6891
vn -0.0269 0.9993 -0.0261
vn 0.7865 0.6169 -0.0299
vn 0.2655 0.9549 -0.1327
vn 0.6121 0.7821 -0.1167
vn 0.0486 0.9942 -0.0962
vn 0.1940 0.9750 -0.1082
vn 0.5130 0.8507 -0.1145
vn 0.6212 0.7768 -0.1034
vn 0.8222 0.5619 -0.0912
vn -0.0710 0.1337 0.9885
vn -0.0374 0.1234 0.9917
vn 0.2455 0.9645 -0.0970
vn 0.5435 0.8355 -0.0813
vn -0.0108 0.9996 -0.0274
vn 0.1193 0.9925 -0.0267
vn 0.3424 -0.9395 0.0110
vn 0.2693 -0.9629 0.0177
vn 0.4042 -0.0049 -0.9147
vn 0.0268 0.9952 -0.0939
vn 0.2798 0.9551 -0.0971
vn 0.9718 0.0980 0.2145
vn 0.9400 -0.3411 -0.0077
vn 0.9274 -0.3741 -0.0086
vn 0.1743 0.9794 0.1022
vn 0.3286 0.9444 0.0089
vn 0.9887 0.0656 -0.1350
vn 0.4876 -0.4684 -0.7368
vn 0.9233 0.3705 0.1009
vn 0.4340 -0.8978 0.0743
vn 0.6660 -0.7437 0.0581
vn 0.4783 -0.8734 0.0911
vn 0.7474 -0.6621 0.0541
vn 0.5514 -0.8295 0.0883
vn 0.3609 0.9224 -0.1377
vn 0.7594 0.6387 -0.1239
vn 0.9584 0.2831 -0.0374
vn 0.7079 -0.2317 -0.6672
vn 0.6937 -0.1589 -0.7025
vn 0.8817 0.4653 -0.0783
vn 0.0065 0.9992 -0.0396
vn 0.5322 0.8437 -0.0702
vn 0.5036 0.8616 -0.0639
vn 0.7500 -0.6595 0.0512
vn 0.2585 0.9567 -0.1340
vn 0.8853 0.4549 -0.0967
vn 0.7060 0.7082 0.0089
vn 0.2878 0.9191 0.2692
vn 0.6889 -0.6248 -0.3676
vn 0.6403 -0.7256 -0.2520
vn 0.8671 -0.4861 -0.1091
vn 0.0837 0.9939 0.0715
vn 0.9954 -0.0843 -0.0445
vn 0.9458 0.3108 -0.0942
vn 0.9929 0.1048 -0.0569
vn 0.5434 0.8275 -0.1414
vn 0.8668 0.4902 -0.0918
vn 0.6596 0.7422 -0.1185
vn 0.8600 -0.5093 -0.0309
vn 0.4885 0.8619 -0.1361
vn 0.7535 0.6554 -0.0514
vn 0.9930 0.1069 -0.0494
vn 0.4101 -0.9105 0.0534
vn 0.6321 -0.7742 0.0313
vn 0.9087 -0.4175 0.0008
vn 0.9965 0.0768 -0.0333
vn 0.4371 -0.8985 0.0397
vn 0.4163 -0.9069 0.0652
vn 0.7605 -0.6480 0.0400
vn 0.4648 -0.8826 0.0710
vn 0.8228 -0.5678 0.0250
vn 0.5068 -0.5268 -0.6824
vn 0.3770 -0.6035 -0.7026
vn 0.1838 -0.6050 -0.7747
vn 0.7811 0.4728 0.4078
vn 0.2386 -0.6376 -0.7325
vn 0.1261 -0.8820 -0.4540
vn -0.9934 -0.0535 0.1012
vn 1.0000 0.0002 -0.0000
vn 0.2006 -0.2056 -0.9579
vn 0.1665 -0.2182 -0.9616
vn 0.1608 -0.2210 -0.9619
vn 0.0870 -0.5906 -0.8022
vn 0.2214 -0.2110 -0.9521
vn 0.2265 -0.2135 -0.9503
vn -0.0908 0.4212 0.9024
vn 0.2439 0.3078 0.9197
vn 0.2084 0.5180 0.8296
vn 0.5540 0.6242 0.5509
vn 0.2958 0.7423 0.6012
vn 0.1129 0.9285 0.3538
vn 0.2267 0.9631 0.1452
vn 0.1855 0.6814 0.7080
vn 0.1339 0.6794 0.7214
vn 0.1901 0.2742 0.9427
vn 0.1861 0.2762 0.9429
vn 0.1354 0.6788 0.7217
vn 0.9901 -0.1387 -0.0221
vn 0.8638 -0.5033 0.0243
vn 0.8854 0.4549 -0.0954
vn 0.0615 0.9883 -0.1397
vn 0.0423 0.9911 -0.1265
vn 0.8304 0.5450 -0.1160
vn 0.6486 0.7600 -0.0418
vn 0.6780 0.7241 -0.1268
vn 0.2752 0.9488 -0.1548
vn 0.7553 -0.6294 -0.1826
vn 0.3698 -0.9233 0.1035
vn 0.4030 -0.9095 0.1018
vn 0.7744 -0.6303 0.0547
vn 0.0482 0.9976 -0.0502
vn 1.0000 0.0001 0.0001
vn 0.9978 0.0017 -0.0668
vn -0.0215 0.9936 -0.1107
vn 0.0481 0.9903 -0.1303
vn -0.0142 0.9904 -0.1375
vn 0.1152 0.9840 0.1358
vn 0.1241 0.9825 -0.1390
vn 0.0085 0.9891 -0.1472
vn -0.0169 0.9899 -0.1407
vn 0.0187 0.9905 -0.1360
vn 0.0536 0.9667 0.2501
vn 0.3278 -0.9384 0.1091
vn 0.3556 -0.9276 0.1144
vn 0.3721 -0.9231 0.0969
vn 0.1778 -0.9667 -0.1839
vn 0.1763 -0.9672 -0.1831
vn 0.4593 -0.8255 -0.3279
vn 0.3667 -0.9264 0.0853
vn 0.1919 0.9785 -0.0753
vn -0.0248 0.9974 -0.0683
vn 0.0422 0.9957 -0.0825
vn 0.3441 -0.9352 0.0844
vn -0.0740 0.0412 0.9964
vn 0.1144 0.9282 0.3542
vn 0.1788 0.2737 0.9451
